0 0 0 0 0 0 0 0 0 0 0 0 0 0 0 0 0 0 0 0 0 0 0 0 0 0 0 0 0 0 0 0 0 0 0 0 0 0 0 0 0 0 0 0 0 0 0 0 0 0 0 0 0 0 0 0 0 0 0 0 0 0 0 0 0 0 0 0 0 0 0 0 0 0 0 0 0 0 0 0 0 0 0 0 0 0 0 0 0 0 0 0 0 0 0 0 0 0 0 0 0
0 1 0 0 0 0 0 0 0 0 0 0 8 4 0 0 0 0 0 0 0 0 0 0 0 0 0 0 0 0 0 0 0 0 0 0 0 0 0 0 0 0 6 0 0 0 0 0 0 0 0 0 0 0 0 0 0 0 0 0 0 0 0 0 0 0 0 0 0 0 0 0 0 0 0 0 0 0 0 0 0 0 0 0 0 0 0 0 0 0 0 0 0 0 0 0 0 0 0 0 0
0 42 0 0 0 0 0 0 0 0 0 0 414 261 0 0 0 0 0 0 0 0 0 0 0 0 0 0 0 0 0 0 0 0 0 0 0 0 0 0 0 0 247 0 0 0 0 0 0 0 0 0 0 0 0 0 0 0 0 0 0 0 0 0 158 0 0 0 0 0 0 0 0 0 0 0 0 0 0 0 0 0 0 0 0 0 0 0 0 0 0 0 0 0 0 0 0 0 0 0 0
0 31 0 0 0 0 0 0 0 0 0 0 113 199 0 0 0 0 504 0 0 0 0 0 0 0 0 0 0 635 0 0 0 0 0 0 0 0 0 0 0 0 177 0 0 0 0 0 0 0 0 0 0 0 0 0 0 0 0 0 0 0 0 0 209 0 0 0 0 0 0 0 0 0 0 0 0 0 0 0 0 0 0 0 0 0 0 0 0 0 0 0 0 0 0 0 0 0 0 0 0
0 24 0 0 0 0 0 0 0 0 0 0 56 162 0 0 0 0 962 559 0 0 0 0 824 0 0 0 0 129 0 0 0 0 0 18 0 0 0 0 0 0 141 0 0 0 503 0 233 0 0 0 0 0 0 0 0 0 0 0 0 0 0 0 90 0 0 0 0 0 0 0 0 0 0 0 0 0 0 0 0 0 0 0 0 0 0 0 0 0 0 0 0 0 0 0 0 0 0 0 0
0 22 0 0 0 0 1443 0 0 596 0 0 50 94 0 0 0 181 121 212 0 0 0 0 246 0 0 0 0 24 0 0 0 0 0 442 48 0 0 0 0 0 103 0 0 0 253 0 305 0 0 0 0 0 0 0 0 0 0 0 0 0 0 0 84 0 0 0 0 0 0 0 0 0 0 0 0 0 0 0 0 0 0 0 0 0 0 0 0 0 0 0 0 0 0 0 0 0 0 0 0
0 30 0 0 0 0 290 0 0 425 0 0 27 61 0 0 0 133 41 41 0 0 0 0 44 395 0 0 203 158 0 0 0 0 722 249 396 0 0 0 0 0 82 0 0 0 116 0 61 0 0 0 0 0 0 0 0 0 0 0 0 0 0 0 141 0 0 0 0 0 0 0 0 0 0 0 0 0 0 0 0 0 0 0 0 0 0 0 0 0 0 0 0 0 0 0 0 0 0 0 0
0 46 0 0 0 0 61 0 0 75 0 0 40 50 0 0 0 17 125 198 0 0 0 0 132 350 0 1 473 266 479 0 0 0 175 352 146 230 0 0 0 0 72 0 0 0 61 0 23 0 0 0 0 0 0 0 0 0 0 0 0 0 0 0 168 0 0 0 0 0 0 0 0 0 0 0 0 0 0 0 0 0 0 0 0 0 0 0 0 0 0 0 0 0 0 0 0 0 0 0 0
0 40 0 0 0 0 44 3 0 590 0 0 42 75 0 0 0 321 187 192 0 0 296 0 307 54 0 10 218 180 285 0 0 0 43 502 51 343 0 0 0 0 50 0 0 0 129 0 132 0 380 0 0 0 6 0 0 0 0 0 0 0 0 0 137 0 0 0 0 0 0 0 0 0 0 0 0 0 0 0 0 0 0 0 0 0 0 0 0 0 0 0 0 0 0 0 0 0 0 0 0
0 32 2 0 0 0 210 1 0 151 0 0 42 35 0 0 0 178 56 89 0 0 296 0 64 19 0 1147 191 51 95 362 0 0 269 154 127 69 1 0 0 0 64 0 0 0 39 0 98 0 272 94 0 0 16 0 0 0 0 0 0 0 0 0 48 0 0 0 0 0 0 0 0 0 0 0 0 0 0 0 0 0 0 0 0 0 0 0 0 0 0 0 0 0 0 0 0 0 0 0 0
0 9 16 0 0 0 116 24 0 100 0 0 18 27 0 0 0 87 33 60 0 0 264 0 26 200 0 476 93 31 154 280 0 0 103 84 61 195 2 0 0 0 24 0 0 0 19 0 27 715 30 775 0 0 84 0 0 0 0 0 0 0 0 28 40 0 0 0 0 0 0 0 0 0 0 0 0 0 0 0 0 0 0 0 0 0 0 0 0 0 0 0 0 0 0 0 0 0 0 0 0
0 32 177 0 0 0 102 18 0 67 0 113 17 42 0 939 0 58 31 57 0 0 312 0 27 95 0 236 53 29 185 211 0 0 61 92 59 113 14 167 0 0 25 0 0 0 28 0 32 375 50 87 0 0 37 0 0 0 0 0 0 0 0 247 24 0 0 0 0 0 0 0 0 0 0 0 0 0 0 0 0 0 0 0 0 0 0 0 0 0 0 0 0 0 0 0 0 0 0 0 0
0 24 376 0 0 0 50 271 0 62 0 1121 28 41 0 258 0 53 29 67 0 0 153 0 41 52 0 302 49 36 123 492 0 0 44 81 48 70 313 693 0 0 33 0 0 0 20 0 24 217 385 20 0 0 511 0 0 0 0 0 0 0 0 229 42 0 0 0 0 0 0 0 0 0 0 0 0 0 0 0 0 0 0 0 0 0 0 0 0 0 0 0 0 0 0 0 0 0 0 0 0
0 19 62 0 0 0 24 383 0 25 0 491 15 34 1 33 0 26 12 32 0 0 109 0 12 39 0 251 25 41 49 234 0 0 25 28 14 37 288 251 0 0 22 0 0 0 14 0 11 96 147 157 0 57 367 0 0 0 0 0 0 0 6 96 23 0 0 0 0 0 0 0 0 0 0 0 0 0 0 0 0 0 0 0 0 0 0 0 0 0 0 0 0 0 0 0 0 0 0 0 0
0 23 94 0 0 0 20 337 0 43 0 281 18 26 0 78 0 40 15 54 0 0 60 0 19 20 0 228 17 20 27 144 0 0 18 29 18 20 156 262 0 208 23 0 0 0 13 0 25 122 69 97 0 348 336 0 0 0 0 0 0 0 211 193 18 0 0 0 0 0 0 0 0 0 0 0 0 0 0 0 0 0 0 0 0 0 0 0 0 0 0 0 0 0 0 0 0 0 0 0 0
0 21 136 0 0 0 39 89 0 25 0 121 7 23 0 81 0 20 5 19 0 0 29 0 8 14 0 51 15 14 16 48 0 0 17 23 11 18 88 82 0 769 29 324 0 0 10 0 15 47 38 39 0 57 66 0 0 0 0 0 0 0 167 103 13 0 0 0 0 0 0 0 0 0 0 0 0 0 0 0 0 0 0 0 0 0 0 0 0 0 0 0 0 0 0 0 0 0 0 0 0
0 15 74 0 0 0 16 45 0 24 883 94 6 12 0 43 0 15 9 22 0 0 45 0 14 18 0 32 20 12 20 36 66 0 23 24 8 19 158 47 0 80 11 555 873 0 10 0 13 33 19 27 0 164 57 0 0 0 0 0 0 0 88 61 14 0 0 0 0 0 0 3 0 0 0 0 0 0 0 0 0 0 0 0 0 0 0 0 0 0 0 0 0 0 0 0 0 0 0 0 0
0 13 43 0 0 0 16 44 0 28 115 62 5 16 3 18 0 13 7 16 0 0 24 0 14 20 0 18 15 9 31 19 600 0 9 15 6 18 75 30 0 17 7 46 345 0 7 0 3 21 18 18 0 170 35 0 0 0 0 0 0 0 280 34 9 0 0 0 0 0 1 250 0 0 0 0 0 0 0 0 0 0 0 0 0 0 0 0 0 0 0 0 0 0 0 0 0 0 0 0 0
0 27 27 0 0 0 10 33 0 22 23 28 6 10 70 15 0 17 5 15 0 0 15 0 12 11 0 23 12 9 10 47 74 0 20 17 4 32 75 35 0 29 8 50 42 0 2 0 3 20 17 13 55 89 36 0 0 662 0 0 0 0 139 22 6 0 0 0 0 0 0 113 0 0 0 61 0 0 0 0 0 0 0 0 0 0 0 0 0 0 0 0 0 0 0 0 0 0 0 0 0
0 16 21 0 0 0 10 24 0 13 130 30 7 7 87 20 0 11 7 12 0 0 16 0 4 11 0 25 15 9 9 29 19 0 10 15 9 17 49 22 0 158 10 120 38 0 3 0 9 11 22 19 771 53 27 1 0 201 0 0 0 0 90 24 3 0 0 0 0 0 0 166 0 0 0 322 0 0 0 0 0 0 0 0 0 0 0 0 0 0 0 0 0 0 0 0 0 0 0 0 0
0 12 19 0 0 0 10 20 0 12 87 19 5 23 57 12 0 6 2 4 0 0 17 0 3 6 0 25 3 9 8 14 237 0 8 8 3 6 23 21 0 55 11 42 96 0 3 0 4 18 17 14 119 27 20 2 0 24 0 0 0 5 48 17 5 0 0 0 0 1 1 174 0 0 1 166 0 0 2 0 0 0 0 0 0 0 0 0 0 0 0 0 0 0 0 0 0 0 0 0 0
0 17 20 0 0 0 5 11 6 7 48 17 5 8 47 15 0 9 5 6 0 0 19 0 7 8 0 19 24 8 7 13 179 0 4 3 5 9 33 15 0 33 12 23 93 0 2 0 4 12 16 7 32 20 18 6 0 49 0 0 0 751 30 11 2 0 0 0 0 15 17 60 327 0 27 138 76 0 1 0 0 0 0 0 0 0 0 0 0 0 0 0 0 0 0 0 0 0 0 0 0
0 9 7 0 0 0 1 10 1193 4 20 13 1 4 148 11 0 4 3 4 0 0 13 0 3 8 0 4 9 4 2 7 50 0 0 4 2 4 19 8 0 15 7 10 37 0 0 0 3 15 13 2 62 11 7 24 0 98 0 0 0 124 10 11 0 0 0 0 0 41 18 23 223 0 160 67 82 0 11 0 0 0 0 0 0 0 0 0 0 0 0 0 0 0 0 0 0 0 0 0 0
0 8 5 0 0 0 3 17 67 1 11 17 5 5 69 20 0 5 2 6 0 0 12 0 1 1 0 7 5 3 7 6 28 0 2 3 2 6 19 7 0 13 9 6 19 0 1 0 3 10 13 4 69 6 4 40 0 36 0 1 0 313 24 19 5 0 0 0 0 18 15 16 50 0 104 44 11 0 25 0 0 0 0 0 0 0 0 0 0 0 0 0 0 0 0 0 0 0 0 0 0
0 9 16 0 0 0 7 21 115 8 14 34 6 12 242 11 0 5 5 13 0 0 19 0 6 4 0 11 14 11 6 8 41 0 5 11 2 10 35 23 0 25 6 17 13 0 4 0 2 8 17 6 70 14 21 534 0 46 0 538 0 310 150 20 3 0 0 0 0 367 424 31 325 50 216 87 201 0 335 0 0 0 0 0 0 0 0 0 0 0 0 0 0 0 0 0 0 0 0 0 0
0 10 9 0 0 0 3 16 53 3 9 14 7 9 131 4 0 2 7 5 0 0 14 0 0 2 0 10 4 5 6 3 23 0 5 6 3 5 24 13 0 13 11 12 16 0 2 0 3 4 8 3 33 19 14 303 0 23 0 289 0 140 101 8 1 0 0 0 0 593 416 19 96 365 265 55 119 0 390 0 0 0 0 0 0 0 0 0 0 0 0 0 0 0 0 0 0 0 0 0 0
0 9 9 0 0 0 4 9 366 2 18 16 3 4 54 9 0 5 3 4 0 0 14 0 2 2 0 15 6 7 8 7 47 0 4 8 6 5 14 6 0 11 16 12 13 0 4 0 0 11 5 3 32 5 6 292 0 12 0 97 0 79 50 7 4 0 0 0 0 167 192 15 65 160 117 23 50 0 135 0 0 0 0 0 0 0 0 0 0 0 0 0 0 0 0 0 0 0 0 0 0
0 11 6 1 0 0 7 16 190 8 11 16 13 4 24 6 0 6 12 3 0 0 9 0 5 2 0 11 5 9 3 4 19 0 2 5 4 1 10 10 0 13 10 1 12 0 10 0 2 7 12 9 29 9 7 98 0 8 0 42 0 31 20 5 2 0 384 0 0 51 57 11 37 23 49 10 78 0 44 0 0 0 0 0 0 0 0 0 0 0 0 0 0 0 0 0 0 0 0 0 0
0 11 4 0 0 0 3 9 67 10 6 11 2 8 19 1 0 1 5 3 0 740 9 0 7 1 0 4 5 14 3 9 18 0 3 5 1 4 4 14 0 22 8 2 16 0 5 0 3 3 11 9 21 8 10 60 3 15 0 115 0 26 19 4 1 0 570 0 0 21 41 21 22 256 37 18 34 0 29 0 0 0 0 0 0 0 0 0 0 0 0 0 0 0 0 0 0 0 0 0 0
0 13 8 777 0 0 0 5 46 5 8 15 8 4 15 4 0 5 6 2 0 314 5 0 5 2 0 4 5 7 3 7 13 0 3 4 5 4 10 4 0 4 11 6 6 0 5 0 3 7 6 1 18 6 3 45 165 14 0 63 0 21 12 6 2 0 47 0 0 14 44 9 31 200 32 25 19 0 15 0 0 0 0 0 0 0 0 0 0 0 0 0 0 0 0 0 0 0 0 0 0
0 8 2 212 0 468 10 7 26 3 11 5 5 6 7 6 0 1 5 7 0 147 12 0 2 1 0 5 2 3 1 5 7 0 3 4 10 0 10 5 0 4 7 6 8 0 1 0 3 6 9 1 7 5 4 69 160 6 0 32 0 28 13 6 6 0 24 0 0 21 64 4 28 89 24 14 24 0 24 0 0 0 0 0 0 0 0 0 0 0 0 0 0 0 0 0 0 0 0 0 0
0 26 5 61 0 209 5 4 39 4 6 15 5 5 9 4 0 5 5 4 0 186 8 0 2 4 0 3 4 3 4 4 14 0 3 6 7 8 7 2 0 3 18 3 7 0 1 0 1 6 7 1 13 7 4 30 179 4 0 27 0 35 13 4 0 0 56 0 0 24 35 10 19 67 23 28 16 0 23 0 0 0 0 0 0 0 0 0 0 0 0 0 0 0 0 0 0 0 0 0 0
0 7 2 30 0 17 2 3 16 2 2 1 6 2 4 1 0 0 0 1 0 65 7 0 4 2 0 0 2 5 1 3 6 0 2 2 4 0 4 4 0 1 4 3 4 1 1 0 1 2 4 1 2 4 3 11 44 3 0 11 0 9 13 1 4 0 52 0 0 10 15 3 8 23 12 11 11 0 13 1 0 0 0 0 5 0 0 0 0 0 0 0 0 0 0 0 0 0 0 0 0
0 9 1 35 0 7 1 4 21 3 2 5 3 4 4 5 0 1 2 4 0 20 8 0 2 1 0 4 4 3 2 4 2 0 3 4 0 2 5 3 0 3 4 2 4 1 1 0 1 5 1 2 6 1 2 3 110 1 0 8 0 9 4 1 1 125 25 0 0 3 10 1 5 7 7 4 8 0 12 2 0 0 0 0 262 0 0 0 0 0 0 0 0 0 0 0 0 0 0 0 0
0 9 2 37 0 151 1 6 5 3 1 10 6 8 10 1 0 1 2 3 0 22 7 0 1 1 0 4 5 1 2 2 6 0 1 4 2 2 7 2 0 4 8 1 3 14 1 0 2 9 7 3 7 4 1 16 108 3 0 13 0 7 6 2 2 575 19 0 0 15 16 3 6 16 12 6 13 0 8 3 0 0 0 0 97 0 0 0 0 0 0 0 0 0 0 0 0 0 0 0 0
0 8 8 24 0 107 3 4 20 3 0 2 1 4 7 3 0 3 2 1 0 59 14 0 1 1 0 3 4 3 6 4 4 211 1 6 0 1 9 1 0 5 9 2 1 44 1 0 0 4 5 1 4 4 6 18 55 2 0 10 0 9 8 2 2 86 15 1067 0 17 25 3 15 20 14 6 15 0 14 109 0 0 118 0 199 0 0 0 0 0 0 0 0 0 0 0 0 0 0 0 0
0 18 3 19 0 74 8 8 35 8 1 15 7 6 9 2 0 1 4 6 0 75 10 0 5 1 0 5 4 3 2 5 7 911 0 8 3 3 9 8 0 4 19 2 5 195 1 0 3 8 4 3 7 5 6 27 80 2 0 13 0 11 13 5 6 129 10 211 0 19 27 4 10 51 8 9 20 0 12 249 0 0 457 0 373 0 0 0 0 0 0 0 0 0 0 0 0 0 0 0 0
0 7 5 15 0 25 4 7 14 2 0 4 3 7 6 1 0 1 1 3 0 44 17 0 2 0 776 9 1 3 1 2 3 282 1 6 1 2 6 3 0 2 9 1 1 376 1 0 0 2 2 3 5 0 5 8 35 4 0 7 0 6 3 2 1 75 6 24 0 13 16 3 6 19 5 3 17 0 8 361 0 0 121 0 143 0 0 0 0 0 0 0 0 0 0 0 0 0 0 0 0
0 7 1 7 0 18 14 9 13 3 2 11 8 1 6 1 0 2 4 3 0 54 6 0 0 1 257 5 5 3 2 2 2 107 1 4 0 3 5 3 0 8 3 1 3 216 2 0 1 6 6 2 6 1 5 13 25 1 0 6 0 7 5 3 10 48 12 44 0 7 12 3 8 12 10 2 7 800 11 201 0 0 221 0 49 0 0 0 0 0 0 0 0 0 0 0 0 0 0 0 0
0 10 2 11 0 14 6 11 12 3 2 8 5 3 2 0 0 0 3 4 0 21 5 0 0 1 239 5 2 2 3 2 5 135 3 5 2 1 8 3 0 9 12 3 5 63 0 0 0 3 4 5 4 0 4 15 18 2 0 3 0 7 6 3 3 21 9 39 0 5 8 5 6 9 6 8 6 280 10 46 0 0 84 150 32 0 0 1 0 0 0 0 0 0 0 0 0 0 0 0 0
0 14 1 12 0 22 1 5 7 1 2 5 3 4 1 1 0 1 2 2 0 14 3 0 3 2 209 3 3 0 3 2 4 67 0 5 3 2 5 2 0 23 7 2 9 44 0 0 0 0 6 2 7 3 7 10 11 2 0 5 0 12 9 2 3 7 9 24 0 6 9 3 3 3 4 1 9 52 1 39 0 0 50 781 15 0 0 0 0 0 0 0 0 0 0 0 0 0 0 0 0
0 5 1 5 0 9 1 4 9 4 0 4 0 3 5 0 0 0 0 3 0 7 6 0 3 4 69 0 10 2 3 1 2 31 1 15 1 0 5 0 0 4 6 0 6 29 0 0 1 2 3 2 3 1 4 2 14 3 0 1 0 4 1 1 4 4 4 12 0 2 5 4 1 4 5 4 5 47 2 19 0 0 22 46 15 0 0 0 0 0 0 0 0 0 0 0 0 0 0 0 0
0 19 0 6 0 12 2 6 14 0 3 3 4 4 0 3 0 1 1 5 0 12 10 0 4 0 54 6 12 0 0 0 4 30 0 13 2 2 1 2 0 2 7 0 2 23 0 0 2 3 2 0 5 0 5 13 16 0 0 5 0 10 7 6 3 5 1 5 0 4 14 5 2 7 9 1 8 192 4 29 0 0 32 17 18 0 0 0 0 0 0 0 0 0 0 0 0 0 0 0 0
0 20 0 5 0 8 6 6 16 5 1 4 3 9 4 6 0 3 4 4 899 16 8 0 3 1 26 2 12 1 2 3 2 27 0 21 0 1 2 2 0 5 4 3 2 21 2 0 2 1 1 5 4 1 3 13 8 4 0 6 0 6 9 1 1 6 7 8 0 4 15 4 2 8 4 4 7 72 10 22 0 0 22 63 33 0 0 0 0 0 0 0 0 0 0 0 0 0 0 0 0
0 16 1 3 0 7 4 8 16 7 1 4 9 5 1 0 0 1 6 3 84 12 4 0 0 1 18 6 10 1 1 3 6 22 3 11 1 1 5 3 0 5 6 0 3 16 0 0 1 0 1 5 4 1 1 5 2 1 0 2 1 9 7 0 2 2 7 6 1 4 14 2 9 1 7 3 8 24 9 16 340 0 15 116 9 1 0 0 0 0 0 0 0 0 0 0 0 0 0 0 0
0 6 0 4 0 4 3 1 5 2 0 3 4 6 6 2 138 1 2 1 81 3 2 0 0 0 16 2 8 2 1 5 4 7 1 10 0 2 4 1 0 2 4 0 1 18 1 0 0 0 1 0 2 3 1 6 6 2 2 2 0 8 6 2 0 5 3 3 2 1 9 1 3 7 2 2 9 12 3 12 55 0 12 17 8 1 0 0 0 0 0 0 0 0 0 0 0 0 0 0 0
0 13 0 2 0 6 1 6 9 2 1 6 6 5 2 2 504 0 2 1 109 2 8 0 0 2 8 1 3 0 1 1 2 10 1 8 0 2 2 3 0 2 5 0 1 10 0 0 1 0 3 2 3 0 1 9 5 0 192 2 0 7 3 1 1 3 4 5 326 3 7 2 4 3 2 0 7 10 5 9 56 0 9 11 10 0 0 0 0 0 0 0 0 0 0 0 0 0 0 0 0
0 4 0 2 0 3 5 5 11 1 0 2 5 2 2 2 51 1 4 4 154 5 8 0 2 1 13 3 6 2 1 3 2 9 0 1 1 1 8 2 0 1 11 2 2 12 1 0 1 3 2 0 8 1 0 9 4 0 66 2 0 10 3 4 0 3 3 11 148 2 14 11 4 6 7 1 10 10 6 13 277 0 15 7 8 119 0 27 0 0 0 0 0 0 0 0 0 0 0 0 0
0 13 2 0 0 6 1 6 17 3 1 7 3 5 2 1 37 1 2 2 65 6 7 0 1 0 19 1 2 1 0 6 3 11 3 3 2 2 9 3 0 3 7 3 3 11 2 0 0 1 4 3 5 3 4 15 8 1 159 2 0 7 4 0 2 3 3 6 183 9 8 1 5 5 9 3 14 22 8 12 84 0 13 22 9 589 0 139 0 0 110 0 0 0 0 0 0 0 0 0 0
0 8 3 1 0 4 0 2 10 1 0 4 8 7 2 2 184 2 1 2 23 4 6 0 0 5 13 3 0 0 0 2 2 6 0 1 0 1 3 3 0 1 4 1 3 11 1 0 1 1 1 1 3 1 5 6 5 2 719 1 0 7 1 0 1 1 1 6 539 3 11 4 4 4 7 3 41 10 6 14 46 12 8 12 7 245 0 535 0 0 273 0 0 40 0 0 0 0 0 0 0
0 13 0 1 0 6 3 3 13 0 2 0 6 3 2 1 127 1 1 4 17 3 5 0 0 7 15 6 2 2 1 7 2 6 1 0 0 1 7 3 0 2 3 2 5 11 1 0 1 1 2 0 4 0 4 4 1 1 177 2 0 2 3 0 2 1 5 3 133 9 11 7 0 5 4 2 27 10 6 15 24 757 6 5 9 67 0 134 0 0 99 0 0 122 0 0 0 0 0 0 0
0 11 0 2 0 3 2 1 4 1 2 5 3 4 0 0 31 1 2 3 14 7 7 0 0 6 10 3 4 0 1 5 2 8 1 4 0 1 1 6 0 5 2 3 2 7 5 0 1 0 1 5 12 0 2 5 2 2 68 1 0 1 7 1 0 0 2 5 44 2 4 4 4 1 4 0 8 1 5 10 23 110 8 8 1 206 0 46 0 0 284 0 0 180 0 0 0 0 0 0 0
0 2 0 0 14 4 2 3 7 1 0 1 0 2 2 1 15 0 0 2 20 2 11 0 0 0 4 3 5 1 0 2 3 9 1 3 1 3 6 2 0 1 4 1 2 7 2 0 2 0 4 4 12 0 3 8 3 2 38 1 0 6 3 1 1 2 0 4 39 4 6 1 4 2 10 1 8 4 3 4 23 175 6 4 3 79 0 25 0 0 90 0 0 265 0 0 0 0 0 0 0
0 6 0 4 441 7 3 3 7 5 2 2 1 2 3 3 19 1 2 1 11 5 9 0 3 1 3 2 3 1 2 4 0 8 0 2 1 4 7 0 0 2 5 0 5 2 0 0 0 0 2 3 5 2 5 4 0 3 33 3 0 1 4 3 0 3 4 4 15 2 4 2 6 2 5 5 20 4 1 6 7 115 4 7 1 27 48 24 0 0 51 0 0 106 0 0 0 0 0 0 0
0 14 2 2 224 1 3 3 6 2 2 4 1 1 5 0 29 4 4 2 5 5 7 0 1 2 1 5 5 3 1 3 0 1 1 2 1 1 12 3 0 5 4 1 1 7 0 0 2 0 1 5 6 1 2 12 3 38 33 2 576 5 5 3 2 4 2 1 21 1 5 4 6 5 6 2 11 8 3 5 12 63 8 8 9 32 325 17 0 0 53 570 0 72 0 0 0 0 0 0 0
0 11 2 3 63 3 2 6 20 1 1 2 6 3 3 0 10 3 2 7 14 7 11 0 0 0 8 4 3 2 1 5 1 11 0 4 1 2 11 2 0 3 2 0 0 7 1 0 3 0 1 1 7 1 6 8 0 3 27 1 62 3 6 1 1 2 3 2 20 4 6 5 4 1 4 3 8 3 2 6 15 33 7 5 4 22 161 15 0 0 23 346 0 53 0 0 0 0 0 0 0
0 6 1 0 222 6 3 6 10 0 1 3 3 8 4 0 7 2 3 3 9 3 8 549 2 2 3 7 3 2 0 0 1 2 1 0 1 4 5 4 0 6 7 1 0 5 1 0 1 2 1 4 7 0 2 5 3 4 21 0 65 5 4 0 1 0 7 0 20 2 7 3 7 13 7 3 6 5 1 7 20 24 8 6 6 24 387 12 0 0 21 57 3 28 0 0 0 0 0 0 0
0 3 0 1 43 1 1 4 6 1 0 3 1 1 1 0 5 1 1 4 1 2 7 76 0 1 3 2 0 1 0 0 1 5 0 1 0 0 4 0 0 1 3 0 3 2 1 0 0 0 3 3 2 0 0 4 1 4 9 2 123 3 4 0 1 0 0 6 10 1 4 3 1 9 2 3 2 2 7 7 7 10 4 6 1 11 120 7 0 0 12 6 1 16 0 0 0 0 0 0 0
0 7 0 0 40 1 3 0 9 2 2 2 1 2 0 2 7 0 0 2 2 3 5 41 0 0 2 1 4 0 0 3 2 6 2 0 0 1 6 1 0 2 4 0 0 3 0 0 1 1 1 3 3 1 3 5 2 3 8 1 43 6 1 0 0 2 4 2 6 4 7 3 2 3 2 2 6 3 0 6 10 13 8 3 4 15 51 7 0 0 16 5 11 14 0 0 0 0 0 0 0
0 6 1 4 17 4 7 5 11 0 1 1 4 2 0 2 9 3 4 4 1 3 4 110 0 1 6 1 2 0 0 0 0 2 1 1 0 1 6 1 0 4 2 1 0 4 2 0 1 1 4 6 6 1 0 2 1 2 15 1 29 1 6 0 0 0 5 11 8 1 4 3 2 5 6 1 2 6 6 3 3 19 5 2 0 11 49 8 0 0 5 395 33 30 0 0 0 0 0 0 0
0 12 0 8 16 3 2 3 6 2 0 4 4 4 2 1 7 2 1 4 4 3 4 77 1 0 6 4 1 0 2 3 1 5 0 1 0 3 10 2 0 0 3 1 2 5 0 0 1 1 2 7 3 0 2 8 2 5 7 1 24 11 3 1 1 3 1 7 3 3 7 5 3 5 5 0 3 4 2 5 5 27 3 5 2 10 45 8 0 0 11 116 215 67 0 0 0 0 0 0 0
0 7 1 1 11 4 2 6 16 1 0 4 2 3 1 1 5 0 7 7 4 3 8 23 0 0 2 0 0 3 0 1 1 4 3 1 1 1 5 1 435 3 0 1 2 4 0 0 0 0 3 5 5 2 1 3 1 1 5 1 10 1 3 2 0 1 4 3 8 4 11 5 3 4 5 2 5 4 1 3 3 9 5 3 3 3 25 6 0 0 5 50 356 54 0 0 0 0 0 0 0
0 5 1 4 25 4 4 6 15 0 0 6 3 3 0 0 13 1 5 2 3 0 5 16 0 2 8 3 1 1 0 1 0 3 3 1 2 1 5 2 150 8 6 0 1 3 0 0 2 0 1 5 7 0 3 0 3 1 4 1 25 3 2 2 0 1 6 2 4 4 8 3 3 2 4 0 2 5 11 3 4 7 1 8 1 10 24 3 0 0 8 41 269 68 1 0 0 0 0 0 0
0 5 0 1 10 7 2 1 12 1 0 2 2 2 0 0 12 3 7 2 1 2 7 9 0 0 5 4 1 0 1 1 1 1 3 0 0 2 14 3 45 5 4 2 3 3 0 0 0 3 1 5 7 0 5 6 0 2 3 2 22 2 2 0 0 1 5 0 7 1 9 3 1 4 8 0 4 0 4 1 2 7 7 12 1 3 15 2 441 0 8 10 39 17 323 0 0 0 0 0 0
0 6 0 2 8 7 2 2 6 0 0 1 0 1 2 1 14 1 7 3 1 0 4 5 0 2 8 3 0 2 1 0 1 2 2 0 0 0 3 2 240 5 5 0 2 0 0 0 0 0 0 6 10 1 2 4 1 1 5 0 11 3 2 0 0 0 7 1 5 1 2 5 2 0 1 1 2 4 2 3 0 5 3 9 0 3 11 4 339 0 8 15 24 5 103 0 0 0 0 0 0
0 5 1 7 4 5 4 4 6 2 0 4 7 4 0 2 10 0 5 4 1 1 6 11 1 3 10 1 1 0 1 3 0 1 2 1 0 3 8 1 51 5 7 0 0 0 0 0 1 0 3 5 8 0 1 2 0 0 7 0 9 1 2 0 3 0 6 0 2 1 6 1 1 1 2 0 2 2 0 3 2 4 4 11 3 5 4 5 56 0 1 7 19 6 145 0 0 0 0 0 0
0 4 1 3 6 10 5 6 15 0 0 3 2 3 1 3 6 3 1 4 4 2 2 17 0 0 3 4 0 0 1 1 7 2 1 3 0 1 7 0 28 4 9 1 2 1 1 0 1 0 2 5 6 1 0 6 1 1 9 1 7 3 6 0 1 1 5 1 7 0 5 2 1 3 6 1 5 9 1 2 3 1 6 5 3 10 10 3 28 0 9 13 24 10 171 0 0 0 0 0 0
0 5 1 2 6 11 2 4 7 0 0 6 2 4 1 1 14 0 9 5 3 4 6 10 0 2 5 5 1 0 0 4 1 3 1 0 0 3 7 3 37 9 14 1 2 3 1 0 1 4 0 7 13 1 2 7 3 0 2 1 10 4 6 2 0 0 13 1 3 2 8 2 7 3 3 2 3 4 0 6 1 4 4 12 1 7 10 3 204 0 6 11 26 5 59 0 0 0 0 0 0
0 4 1 1 4 7 2 3 8 1 0 1 0 7 1 1 5 0 3 5 1 0 1 2 0 1 3 3 3 0 0 2 0 2 0 0 1 2 9 1 11 3 4 1 4 5 0 0 3 0 2 2 4 0 1 9 2 0 6 0 8 1 3 2 1 1 2 1 1 1 5 2 1 0 3 2 2 2 1 1 1 4 2 5 1 11 7 3 37 0 3 6 12 1 26 0 0 0 0 0 0
0 2 0 1 1 4 1 1 6 0 0 3 2 8 2 2 4 0 3 1 1 1 4 5 0 5 3 4 1 0 0 1 2 3 2 2 0 1 5 5 14 4 3 2 2 3 0 0 2 0 0 1 4 1 2 9 1 0 2 1 2 6 6 0 1 0 1 0 1 1 4 1 1 0 1 1 7 0 3 0 1 4 8 2 4 0 2 2 9 0 5 4 3 1 19 0 0 0 0 0 0
0 2 0 0 3 3 1 0 8 1 0 4 2 4 0 1 1 2 0 3 1 2 1 1 2 1 0 2 1 1 0 1 2 1 1 1 0 2 6 3 2 2 11 0 3 3 0 0 0 0 1 2 4 0 3 14 0 0 1 1 4 1 2 0 0 0 2 0 3 0 2 4 1 1 2 2 3 2 1 2 2 5 4 2 0 7 4 8 9 0 3 2 12 1 12 0 0 0 0 0 0
0 5 1 1 6 6 4 2 12 1 0 3 0 7 2 3 4 1 4 3 2 1 9 3 0 0 0 4 0 0 0 0 0 3 0 0 0 1 7 2 9 2 4 0 0 6 0 0 1 1 0 5 3 0 1 7 1 0 3 0 2 10 5 0 0 0 6 0 6 1 10 5 2 0 5 0 3 6 0 3 2 2 4 2 2 6 4 7 25 0 5 2 11 5 27 0 0 0 0 0 0
0 3 0 2 2 5 7 5 12 0 0 4 2 5 0 0 8 1 2 3 4 2 5 6 0 1 3 5 1 2 0 1 2 4 0 3 0 3 7 3 14 4 10 0 0 3 0 0 0 0 1 1 4 0 2 16 0 1 6 0 4 14 4 0 0 2 1 1 4 2 10 1 4 2 4 3 4 1 3 1 6 5 3 4 2 3 6 8 24 0 30 4 8 4 38 0 0 0 0 0 0
0 1 1 0 2 3 0 3 11 2 1 4 2 4 0 5 5 0 4 4 3 0 2 2 0 0 1 2 0 1 1 0 2 2 1 4 0 3 6 1 19 2 2 0 0 4 0 0 2 0 0 3 3 1 2 3 1 0 2 0 1 6 2 2 1 0 5 1 4 3 4 1 2 0 6 1 6 3 0 2 6 3 3 3 2 8 2 7 6 0 11 1 10 8 18 0 0 0 0 0 0
0 7 0 0 6 8 4 1 8 1 1 2 1 8 0 3 10 2 9 4 2 1 5 1 0 1 2 1 3 0 0 1 0 5 1 2 1 1 6 1 13 12 4 0 2 0 0 0 0 0 3 12 12 0 4 3 0 0 2 1 11 7 5 0 0 1 13 0 4 3 3 2 2 0 1 2 0 1 2 26 2 3 11 11 0 8 5 3 20 0 4 1 4 10 11 0 1 0 0 0 0
0 7 0 0 4 5 4 4 12 1 0 2 3 2 0 0 10 1 6 3 1 0 0 2 0 1 2 0 0 1 0 4 1 1 1 1 0 2 6 2 5 10 1 0 4 0 0 0 0 0 2 6 10 0 1 5 1 0 2 0 8 3 1 0 0 0 4 0 3 0 5 1 0 0 3 0 4 4 2 4 0 5 9 13 1 4 1 7 31 729 6 0 5 9 5 0 0 0 0 0 0
0 1 0 1 1 14 1 4 8 4 0 4 1 3 1 0 13 0 16 2 2 5 1 1 0 4 4 3 0 3 1 4 1 6 1 1 0 2 6 0 10 13 0 1 2 2 0 0 0 2 2 13 19 0 0 3 1 1 3 0 10 2 6 0 0 0 16 2 6 2 6 1 2 0 4 2 19 3 0 2 0 4 8 15 2 2 6 2 18 381 6 1 4 7 8 0 5 0 0 0 0
0 3 0 0 0 7 1 5 10 2 6 1 1 5 1 1 9 0 7 3 2 1 5 3 0 5 2 1 0 0 0 4 0 6 0 1 0 1 4 1 6 7 8 1 5 2 0 0 0 0 4 3 4 1 2 11 3 0 2 1 4 5 3 4 1 0 7 1 7 0 6 3 1 1 0 3 27 3 1 4 3 4 14 7 0 2 4 6 10 32 3 0 1 16 6 5 1 0 0 0 0
0 9 0 0 1 4 5 6 10 2 0 3 2 7 1 2 5 2 7 9 4 4 4 5 0 1 1 1 2 0 1 4 3 6 0 0 0 3 8 3 7 6 7 0 1 3 0 0 2 1 1 6 6 0 1 8 1 0 11 0 10 7 4 0 0 1 4 2 6 0 7 10 1 0 7 0 12 2 2 3 4 4 15 8 4 1 5 7 11 63 5 5 7 10 6 15 47 0 0 0 0
0 9 0 0 1 8 6 6 14 1 1 8 4 3 0 4 4 0 5 3 6 5 7 154 0 2 2 1 2 1 1 3 4 5 0 1 1 1 15 2 9 6 8 2 2 2 0 0 0 1 1 5 8 0 5 15 1 0 6 0 11 13 2 0 3 0 8 4 6 0 7 1 2 3 7 3 8 3 3 5 3 2 21 8 0 4 6 7 11 112 6 4 6 9 8 127 920 2 0 0 0
0 6 1 0 2 1 1 3 11 1 0 6 0 4 0 2 2 0 0 4 1 4 6 24 1 0 1 1 1 1 0 3 2 1 0 0 0 0 13 1 5 1 6 0 0 3 0 1 1 0 1 1 1 0 2 5 5 0 4 0 3 10 0 0 0 1 2 0 5 0 3 1 2 0 2 0 0 2 2 2 2 2 18 1 2 3 2 0 6 27 4 2 2 3 1 76 118 7 0 0 0
0 6 0 0 2 1 2 3 7 0 0 4 1 4 0 0 1 0 1 2 5 0 2 1 0 1 0 0 0 0 0 2 1 2 0 0 1 1 18 1 1 1 8 0 3 4 0 0 0 0 2 1 1 0 0 6 1 0 1 1 3 5 0 1 1 0 1 1 5 0 4 1 3 1 3 1 8 1 3 1 6 1 9 1 3 3 1 2 3 15 0 6 9 1 2 63 9 1985 0 0 1
0 5 0 0 1 2 0 2 21 0 1 5 3 0 0 1 0 0 3 8 3 1 3 3 0 0 0 2 0 0 0 2 1 0 0 2 0 0 11 2 2 3 7 0 0 3 0 186 0 0 1 3 3 0 3 6 0 0 0 0 2 5 2 5 1 0 1 1 2 0 2 4 0 0 4 0 5 2 1 1 1 0 6 2 2 2 1 1 2 4 2 3 1 5 8 90 93 280 0 0 146
0 8 1 0 0 1 1 1 15 0 0 9 1 2 0 1 3 0 0 3 3 3 6 3 0 1 1 1 1 0 1 0 1 2 0 1 1 2 9 2 1 0 7 0 0 1 0 274 1 0 3 0 0 0 1 4 2 0 4 1 3 5 3 1 2 0 1 10 3 0 3 0 1 0 5 0 4 1 2 2 2 0 7 1 1 8 4 4 2 5 0 4 4 1 3 115 91 138 0 0 306
0 15 0 1 10 2 1 2 40 4 0 14 8 10 0 6 4 0 0 1 6 2 7 2 0 0 0 6 2 0 2 5 2 11 0 0 0 1 12 3 0 0 21 0 0 3 0 282 0 0 12 0 0 0 4 17 0 0 6 0 2 13 2 2 0 4 4 4 14 0 12 4 1 2 42 8 0 0 2 14 14 0 21 0 6 25 5 6 8 19 0 9 4 1 15 506 115 138 529 2128 133
0 9 2 0 3 3 3 4 20 5 0 10 8 0 2 1 4 0 0 2 2 4 9 2 0 0 1 5 0 0 0 6 2 5 2 2 0 1 12 4 0 0 9 0 0 1 0 242 3 0 1 0 2 0 6 7 0 0 8 2 1 11 10 4 0 0 0 2 1 0 5 1 3 3 11 4 0 0 1 12 7 0 12 0 4 7 3 6 0 7 0 6 8 4 8 548 98 90 331 459 293
0 14 1 0 4 1 0 5 28 3 0 13 5 8 2 0 3 0 1 11 4 2 9 1 2 0 2 2 4 0 0 9 4 5 1 1 0 2 13 4 4 2 14 0 0 2 0 71 3 0 1 1 2 2 3 12 2 2 4 4 7 18 4 1 0 1 3 3 8 0 14 1 5 1 24 7 3 0 2 6 5 6 11 2 2 9 35 10 5 5 1 34 3 5 16 111 32 26 153 149 162
0 20 1 0 2 4 5 9 17 1 0 11 8 4 0 2 3 0 5 7 0 3 9 12 2 2 3 5 3 0 0 9 5 13 0 5 0 1 16 5 1 5 18 0 2 9 0 37 3 0 4 6 5 0 1 24 1 2 4 2 5 13 9 2 1 0 3 2 10 0 10 2 2 1 12 2 2 4 4 11 12 4 11 4 0 18 9 4 2 7 3 14 6 2 4 60 13 22 134 48 86
0 10 1 1 2 4 2 8 16 2 0 9 1 4 2 1 1 1 7 4 3 1 7 2 0 1 2 6 0 1 0 6 3 8 0 3 1 0 5 2 7 3 9 0 2 0 0 20 0 1 7 2 6 0 4 10 3 0 5 2 3 10 9 1 0 1 5 2 7 0 7 0 4 1 13 1 3 4 4 5 4 4 9 7 3 14 7 4 5 6 1 8 6 3 11 23 20 12 39 27 39
0 9 0 2 3 3 2 3 19 2 3 6 5 7 0 1 4 0 4 8 0 2 7 0 0 0 0 4 1 1 1 3 2 3 0 2 0 2 5 2 3 2 15 1 1 5 0 16 2 3 5 3 4 0 2 10 0 1 0 1 4 12 5 0 3 0 4 2 7 0 9 1 3 2 9 0 3 3 2 7 2 0 11 3 4 18 6 6 4 5 1 5 7 3 6 29 16 11 20 17 39
0 17 1 0 3 7 1 2 12 2 0 6 2 3 1 1 7 1 4 6 1 2 3 2 0 0 0 4 0 1 0 4 2 5 0 0 0 0 3 2 7 5 8 0 0 3 0 13 1 0 6 4 5 2 8 8 2 1 1 3 4 11 6 0 0 2 6 1 4 0 10 0 0 2 9 4 3 1 2 1 5 2 8 8 1 10 6 5 6 10 1 3 1 0 3 22 8 9 24 14 23
0 9 1 0 2 1 1 1 7 1 0 7 0 4 0 1 0 0 3 5 0 1 7 3 1 0 0 0 2 2 1 2 1 3 1 1 0 1 4 5 4 1 8 2 0 4 0 10 1 1 8 1 3 1 1 7 1 0 2 0 1 7 5 0 0 0 1 1 3 0 9 0 2 0 11 1 0 1 2 3 4 1 8 2 2 14 4 3 2 10 1 8 4 2 1 12 7 17 21 10 26
0 2 0 0 0 1 1 2 5 3 0 3 3 1 2 1 1 0 2 3 0 3 6 1 0 0 1 1 1 0 0 2 1 2 0 0 0 1 7 2 3 2 1 0 0 2 0 9 0 0 2 3 1 0 2 2 0 0 2 1 2 5 3 0 1 3 2 1 2 0 4 1 2 2 8 0 1 1 8 0 1 0 3 2 3 4 1 7 3 3 0 3 2 1 1 7 1 5 10 6 11
0 2 0 0 1 6 0 3 7 0 1 3 0 1 0 1 4 1 3 0 0 2 0 1 0 0 1 1 0 1 1 2 0 3 0 2 0 1 1 0 1 5 2 0 1 3 0 7 0 0 2 4 3 0 2 1 0 0 4 1 2 2 0 0 3 0 5 3 1 0 6 0 2 1 5 0 3 0 4 3 2 1 5 5 1 4 3 2 1 3 11 1 6 1 4 4 5 3 10 3 12
0 3 1 0 3 2 4 2 1 2 1 2 0 6 0 0 2 0 1 3 1 1 2 0 0 1 0 0 0 1 1 0 0 2 0 0 0 1 2 0 3 2 1 0 2 2 0 3 0 0 5 1 1 0 1 0 1 0 2 0 1 3 5 1 0 1 3 0 1 0 3 0 11 1 3 1 0 5 2 0 1 2 1 2 1 5 0 3 2 3 3 0 3 2 4 4 4 4 12 6 3
0 7 0 0 2 2 7 2 3 1 4 2 0 0 1 3 1 0 2 1 0 1 5 0 0 1 0 0 1 0 1 0 0 1 0 1 0 1 0 1 6 4 4 0 3 1 0 6 0 0 1 3 3 0 2 2 1 0 5 0 2 3 5 0 0 0 3 0 1 0 6 0 4 0 4 2 2 8 0 1 1 2 2 2 0 2 2 1 2 4 1 0 1 0 1 5 2 3 8 5 3
0 1 0 0 1 2 3 1 1 1 6 2 1 0 0 0 2 1 1 1 2 0 4 1 0 0 0 0 0 0 0 2 0 0 1 0 0 0 1 1 0 2 2 0 1 2 0 4 0 0 0 1 2 0 1 0 2 0 0 0 2 3 1 0 0 1 4 1 3 0 2 0 2 0 2 0 1 4 2 0 0 1 1 3 0 2 2 1 3 3 2 1 3 0 1 5 1 1 2 3 5
0 3 1 0 1 2 0 1 5 0 2 1 0 0 1 1 3 1 1 1 0 2 1 0 1 1 2 1 4 0 0 0 0 0 0 0 0 0 1 2 2 1 6 0 0 5 0 3 0 0 0 3 2 0 0 3 1 0 0 2 2 4 3 0 0 0 1 1 1 0 1 1 5 0 4 2 0 1 0 0 1 3 2 2 1 0 5 2 3 5 2 0 1 0 8 3 1 0 5 2 7
0 20 1 0 1 1 1 1 8 0 1 3 0 1 2 0 5 3 4 0 1 0 6 0 0 2 0 0 8 0 0 3 0 0 2 0 1 1 1 0 1 4 3 0 1 1 0 0 0 0 1 2 1 0 1 1 1 0 0 1 1 5 3 0 0 2 3 0 0 0 2 2 1 0 5 1 2 0 1 0 1 1 3 3 2 4 1 0 1 2 0 2 0 0 36 3 1 0 2 4 4
0 14 0 0 1 3 0 2 3 1 0 1 0 1 2 2 4 2 4 0 0 1 5 0 0 0 2 0 1 0 0 2 2 0 1 0 1 2 0 1 2 7 3 0 0 0 0 2 0 1 2 3 3 0 0 4 0 0 3 0 3 5 6 0 2 0 3 2 1 0 4 0 5 0 3 0 1 0 0 0 1 2 2 4 2 1 2 3 5 9 2 1 0 0 3 7 7 2 3 7 4
0 5 0 0 1 1 1 0 1 1 0 0 0 2 0 1 5 0 0 0 4 0 3 0 0 1 0 0 0 2 0 0 0 0 0 0 0 0 0 1 0 1 3 1 0 0 0 1 0 0 1 0 1 0 0 0 1 0 0 0 2 1 2 0 0 0 1 0 0 0 1 0 3 1 1 1 1 0 2 1 0 0 0 3 0 0 0 1 2 1 0 0 3 0 2 2 1 0 2 1 2
0 0 0 0 0 0 0 0 0 0 0 0 0 0 0 0 0 0 0 0 0 0 0 0 0 0 1 0 0 0 0 0 0 0 0 0 0 0 0 0 0 0 0 0 0 0 0 1 0 0 0 0 0 0 0 0 0 0 0 0 0 0 0 0 0 2 0 0 0 0 1 0 0 1 1 0 0 0 0 0 0 0 0 0 0 0 0 0 1 0 0 0 0 0 0 0 0 0 0 0 1
0 1 0 1 1 0 2 1 1 0 0 1 3 0 0 0 0 1 0 1 0 0 4 2 0 0 1 0 1 0 0 0 0 2 0 0 0 0 1 1 0 1 0 0 0 0 0 2 0 0 1 0 0 0 1 0 0 2 1 0 0 7 4 0 0 5 0 0 1 0 0 0 1 0 4 1 0 1 1 1 1 0 4 0 1 0 1 0 1 0 1 1 2 0 0 4 1 0 3 2 6
0 7 0 1 2 0 1 0 3 0 0 1 3 0 0 1 0 0 1 1 0 0 3 1 0 0 0 0 0 1 0 0 0 1 0 1 0 0 2 0 1 2 3 0 0 1 0 2 0 1 1 1 2 0 1 0 1 0 1 0 1 2 0 0 0 2 0 0 0 0 0 0 3 0 0 0 0 1 0 0 0 0 0 0 0 0 0 0 3 4 0 1 0 0 0 3 2 2 0 2 3
