0 0 0 0 0 0 0 0 0 0 0 0 0 0 0 0 0 0 0 0 0 0 0 0 0 0 0 0 0 0 0 0 0 0 0 0 0 0 0 0 0 0 0 0 0 0 0 0 0 0 0 0 0 0 0 0 0 0 0 0 0 0 0 0 0 0 0 0 0 0 0 0 0 0 0 0 0 0 0 0 0 0 0 0 0 0 0 0 0 0 0 0 0 0 0 0 0 0 0 0 0
0 9 0 0 0 0 0 0 0 0 0 0 111 67 0 0 0 0 0 0 0 0 0 0 0 0 0 0 0 0 0 0 0 0 0 0 0 0 0 0 0 0 48 0 0 0 0 0 0 0 0 0 0 0 0 0 0 0 0 0 0 0 0 0 0 0 0 0 0 0 0 0 0 0 0 0 0 0 0 0 0 0 0 0 0 0 0 0 0 0 0 0 0 0 0 0 0 0 0 0 0
0 8 0 0 0 0 0 0 0 0 0 0 118 77 0 0 0 0 0 0 0 0 0 0 0 0 0 0 0 0 0 0 0 0 0 0 0 0 0 0 0 0 51 0 0 0 0 0 0 0 0 0 0 0 0 0 0 0 0 0 0 0 0 0 0 0 0 0 0 0 0 0 0 0 0 0 0 0 0 0 0 0 0 0 0 0 0 0 0 0 0 0 0 0 0 0 0 0 0 0 0
0 7 0 0 0 0 0 0 0 0 0 0 76 46 0 0 0 0 0 0 0 0 0 0 0 0 0 0 0 0 0 0 0 0 0 0 0 0 0 0 0 0 40 0 0 0 0 0 0 0 0 0 0 0 0 0 0 0 0 0 0 0 0 0 1 0 0 0 0 0 0 0 0 0 0 0 0 0 0 0 0 0 0 0 0 0 0 0 0 0 0 0 0 0 0 0 0 0 0 0 0
0 11 0 0 0 0 0 0 0 0 0 0 58 31 0 0 0 0 0 0 0 0 0 0 0 0 0 0 0 0 0 0 0 0 0 0 0 0 0 0 0 0 40 0 0 0 0 0 0 0 0 0 0 0 0 0 0 0 0 0 0 0 0 0 83 0 0 0 0 0 0 0 0 0 0 0 0 0 0 0 0 0 0 0 0 0 0 0 0 0 0 0 0 0 0 0 0 0 0 0 0
0 8 0 0 0 0 0 0 0 0 0 0 59 44 0 0 0 0 0 0 0 0 0 0 0 0 0 0 0 0 0 0 0 0 0 0 0 0 0 0 0 0 74 0 0 0 0 0 0 0 0 0 0 0 0 0 0 0 0 0 0 0 0 0 74 0 0 0 0 0 0 0 0 0 0 0 0 0 0 0 0 0 0 0 0 0 0 0 0 0 0 0 0 0 0 0 0 0 0 0 0
0 6 0 0 0 0 0 0 0 0 0 0 39 76 0 0 0 0 0 0 0 0 0 0 0 0 0 0 0 0 0 0 0 0 0 0 0 0 0 0 0 0 47 0 0 0 0 0 0 0 0 0 0 0 0 0 0 0 0 0 0 0 0 0 35 0 0 0 0 0 0 0 0 0 0 0 0 0 0 0 0 0 0 0 0 0 0 0 0 0 0 0 0 0 0 0 0 0 0 0 0
0 10 0 0 0 0 0 0 0 0 0 0 27 46 0 0 0 0 0 0 0 0 0 0 0 0 0 0 0 219 0 0 0 0 0 0 0 0 0 0 0 0 33 0 0 0 0 0 0 0 0 0 0 0 0 0 0 0 0 0 0 0 0 0 42 0 0 0 0 0 0 0 0 0 0 0 0 0 0 0 0 0 0 0 0 0 0 0 0 0 0 0 0 0 0 0 0 0 0 0 0
0 7 0 0 0 0 0 0 0 0 0 0 25 36 0 0 0 0 6 0 0 0 0 0 0 0 0 0 0 282 0 0 0 0 0 0 0 0 0 0 0 0 53 0 0 0 0 0 0 0 0 0 0 0 0 0 0 0 0 0 0 0 0 0 69 0 0 0 0 0 0 0 0 0 0 0 0 0 0 0 0 0 0 0 0 0 0 0 0 0 0 0 0 0 0 0 0 0 0 0 0
0 7 0 0 0 0 0 0 0 0 0 0 18 30 0 0 0 0 408 0 0 0 0 0 0 0 0 0 0 117 0 0 0 0 0 0 0 0 0 0 0 0 38 0 0 0 0 0 0 0 0 0 0 0 0 0 0 0 0 0 0 0 0 0 53 0 0 0 0 0 0 0 0 0 0 0 0 0 0 0 0 0 0 0 0 0 0 0 0 0 0 0 0 0 0 0 0 0 0 0 0
0 4 0 0 0 0 0 0 0 0 0 0 15 56 0 0 0 0 509 0 0 0 0 0 2 0 0 0 0 57 0 0 0 0 0 0 0 0 0 0 0 0 30 0 0 0 0 0 0 0 0 0 0 0 0 0 0 0 0 0 0 0 0 0 35 0 0 0 0 0 0 0 0 0 0 0 0 0 0 0 0 0 0 0 0 0 0 0 0 0 0 0 0 0 0 0 0 0 0 0 0
0 4 0 0 0 0 0 0 0 0 0 0 18 39 0 0 0 0 286 58 0 0 0 0 202 0 0 0 0 47 0 0 0 0 0 0 0 0 0 0 0 0 25 0 0 0 3 0 0 0 0 0 0 0 0 0 0 0 0 0 0 0 0 0 32 0 0 0 0 0 0 0 0 0 0 0 0 0 0 0 0 0 0 0 0 0 0 0 0 0 0 0 0 0 0 0 0 0 0 0 0
0 8 0 0 0 0 0 0 0 0 0 0 7 32 0 0 0 0 129 247 0 0 0 0 359 0 0 0 0 20 0 0 0 0 0 0 0 0 0 0 0 0 26 0 0 0 57 0 0 0 0 0 0 0 0 0 0 0 0 0 0 0 0 0 13 0 0 0 0 0 0 0 0 0 0 0 0 0 0 0 0 0 0 0 0 0 0 0 0 0 0 0 0 0 0 0 0 0 0 0 0
0 4 0 0 0 0 0 0 0 0 0 0 11 27 0 0 0 0 88 167 0 0 0 0 185 0 0 0 0 13 0 0 0 0 0 1 0 0 0 0 0 0 43 0 0 0 299 0 103 0 0 0 0 0 0 0 0 0 0 0 0 0 0 0 18 0 0 0 0 0 0 0 0 0 0 0 0 0 0 0 0 0 0 0 0 0 0 0 0 0 0 0 0 0 0 0 0 0 0 0 0
0 5 0 0 0 0 0 0 0 0 0 0 17 28 0 0 0 0 57 129 0 0 0 0 112 0 0 0 0 11 0 0 0 0 0 64 0 0 0 0 0 0 35 0 0 0 194 0 184 0 0 0 0 0 0 0 0 0 0 0 0 0 0 0 2 0 0 0 0 0 0 0 0 0 0 0 0 0 0 0 0 0 0 0 0 0 0 0 0 0 0 0 0 0 0 0 0 0 0 0 0
0 7 0 0 0 0 0 0 0 3 0 0 12 31 0 0 0 0 37 83 0 0 0 0 73 0 0 0 0 7 0 0 0 0 0 160 0 0 0 0 0 0 26 0 0 0 106 0 128 0 0 0 0 0 0 0 0 0 0 0 0 0 0 0 7 0 0 0 0 0 0 0 0 0 0 0 0 0 0 0 0 0 0 0 0 0 0 0 0 0 0 0 0 0 0 0 0 0 0 0 0
0 5 0 0 0 0 695 0 0 2 0 0 13 21 0 0 0 64 34 48 0 0 0 0 59 0 0 0 0 9 0 0 0 0 0 101 0 0 0 0 0 0 24 0 0 0 46 0 63 0 0 0 0 0 0 0 0 0 0 0 0 0 0 0 3 0 0 0 0 0 0 0 0 0 0 0 0 0 0 0 0 0 0 0 0 0 0 0 0 0 0 0 0 0 0 0 0 0 0 0 0
0 3 0 0 0 0 516 0 0 270 0 0 9 17 0 0 0 56 14 22 0 0 0 0 50 0 0 0 0 4 0 0 0 0 0 82 17 0 0 0 0 0 17 0 0 0 37 0 34 0 0 0 0 0 0 0 0 0 0 0 0 0 0 0 3 0 0 0 0 0 0 0 0 0 0 0 0 0 0 0 0 0 0 0 0 0 0 0 0 0 0 0 0 0 0 0 0 0 0 0 0
0 7 0 0 0 0 232 0 0 321 0 0 8 16 0 0 0 61 19 17 0 0 0 0 28 0 0 0 0 2 0 0 0 0 0 52 31 0 0 0 0 0 24 0 0 0 14 0 26 0 0 0 0 0 0 0 0 0 0 0 0 0 0 0 71 0 0 0 0 0 0 0 0 0 0 0 0 0 0 0 0 0 0 0 0 0 0 0 0 0 0 0 0 0 0 0 0 0 0 0 0
0 8 0 0 0 0 135 0 0 210 0 0 2 15 0 0 0 60 16 10 0 0 0 0 16 0 0 0 4 2 0 0 0 0 1 69 149 0 0 0 0 0 31 0 0 0 39 0 16 0 0 0 0 0 0 0 0 0 0 0 0 0 0 0 61 0 0 0 0 0 0 0 0 0 0 0 0 0 0 0 0 0 0 0 0 0 0 0 0 0 0 0 0 0 0 0 0 0 0 0 0
0 10 0 0 0 0 63 0 0 86 0 0 7 8 0 0 0 31 8 10 0 0 0 0 11 0 0 0 1 2 0 0 0 0 256 79 120 0 0 0 0 0 11 0 0 0 31 0 20 0 0 0 0 0 0 0 0 0 0 0 0 0 0 0 33 0 0 0 0 0 0 0 0 0 0 0 0 0 0 0 0 0 0 0 0 0 0 0 0 0 0 0 0 0 0 0 0 0 0 0 0
0 6 0 0 0 0 47 0 0 71 0 0 6 13 0 0 0 23 5 7 0 0 0 0 9 0 0 0 74 15 0 0 0 0 304 53 76 0 0 0 0 0 19 0 0 0 23 0 11 0 0 0 0 0 0 0 0 0 0 0 0 0 0 0 21 0 0 0 0 0 0 0 0 0 0 0 0 0 0 0 0 0 0 0 0 0 0 0 0 0 0 0 0 0 0 0 0 0 0 0 0
0 5 0 0 0 0 34 0 0 49 0 0 9 18 0 0 0 16 9 9 0 0 0 0 6 254 0 0 95 110 0 0 0 0 124 40 41 0 0 0 0 0 13 0 0 0 20 0 11 0 0 0 0 0 0 0 0 0 0 0 0 0 0 0 19 0 0 0 0 0 0 0 0 0 0 0 0 0 0 0 0 0 0 0 0 0 0 0 0 0 0 0 0 0 0 0 0 0 0 0 0
0 9 0 0 0 0 25 0 0 29 0 0 9 13 0 0 0 8 9 12 0 0 0 0 3 242 0 0 101 82 0 0 0 0 72 44 32 0 0 0 0 0 26 0 0 0 18 0 8 0 0 0 0 0 0 0 0 0 0 0 0 0 0 0 19 0 0 0 0 0 0 0 0 0 0 0 0 0 0 0 0 0 0 0 0 0 0 0 0 0 0 0 0 0 0 0 0 0 0 0 0
0 8 0 0 0 0 13 0 0 23 0 0 7 16 0 0 0 4 8 31 0 0 0 0 5 105 0 0 107 57 95 0 0 0 62 57 32 30 0 0 0 0 16 0 0 0 13 0 5 0 0 0 0 0 0 0 0 0 0 0 0 0 0 0 27 0 0 0 0 0 0 0 0 0 0 0 0 0 0 0 0 0 0 0 0 0 0 0 0 0 0 0 0 0 0 0 0 0 0 0 0
0 4 0 0 0 0 10 0 0 10 0 0 9 14 0 0 0 2 23 64 0 0 0 0 5 71 0 0 88 62 115 0 0 0 45 26 34 46 0 0 0 0 13 0 0 0 15 0 7 0 0 0 0 0 0 0 0 0 0 0 0 0 0 0 54 0 0 0 0 0 0 0 0 0 0 0 0 0 0 0 0 0 0 0 0 0 0 0 0 0 0 0 0 0 0 0 0 0 0 0 0
0 13 0 0 0 0 13 0 0 13 0 0 8 4 0 0 0 3 46 47 0 0 0 0 48 47 0 0 107 56 150 0 0 0 18 107 31 67 0 0 0 0 11 0 0 0 8 0 3 0 0 0 0 0 0 0 0 0 0 0 0 0 0 0 31 0 0 0 0 0 0 0 0 0 0 0 0 0 0 0 0 0 0 0 0 0 0 0 0 0 0 0 0 0 0 0 0 0 0 0 0
0 16 0 0 0 0 15 0 0 9 0 0 12 13 0 0 0 4 53 63 0 0 0 0 89 30 0 1 121 50 153 0 0 0 15 160 30 99 0 0 0 0 16 0 0 0 11 0 4 0 0 0 0 0 0 0 0 0 0 0 0 0 0 0 56 0 0 0 0 0 0 0 0 0 0 0 0 0 0 0 0 0 0 0 0 0 0 0 0 0 0 0 0 0 0 0 0 0 0 0 0
0 13 0 0 0 0 17 1 0 268 0 0 6 12 0 0 0 12 51 48 0 0 1 0 107 25 0 4 76 69 100 0 0 0 21 184 13 113 0 0 0 0 15 0 0 0 38 0 7 0 5 0 0 0 4 0 0 0 0 0 0 0 0 0 44 0 0 0 0 0 0 0 0 0 0 0 0 0 0 0 0 0 0 0 0 0 0 0 0 0 0 0 0 0 0 0 0 0 0 0 0
0 13 0 0 0 0 10 1 0 157 0 0 7 14 0 0 0 92 69 52 0 0 3 0 78 13 0 3 53 40 57 0 0 0 9 122 11 87 0 0 0 0 14 0 0 0 34 0 17 0 70 0 0 0 1 0 0 0 0 0 0 0 0 0 35 0 0 0 0 0 0 0 0 0 0 0 0 0 0 0 0 0 0 0 0 0 0 0 0 0 0 0 0 0 0 0 0 0 0 0 0
0 4 0 0 0 0 8 1 0 106 0 0 14 19 0 0 0 140 25 38 0 0 107 0 70 6 0 2 40 37 45 0 0 0 9 93 16 78 0 0 0 0 7 0 0 0 31 0 51 0 137 0 0 0 0 0 0 0 0 0 0 0 0 0 26 0 0 0 0 0 0 0 0 0 0 0 0 0 0 0 0 0 0 0 0 0 0 0 0 0 0 0 0 0 0 0 0 0 0 0 0
0 6 0 0 0 0 3 0 0 56 0 0 13 25 0 0 0 71 28 38 0 0 176 0 31 5 0 1 24 20 44 0 0 0 4 67 8 47 0 0 0 0 9 0 0 0 22 0 53 0 146 0 0 0 1 0 0 0 0 0 0 0 0 0 20 0 0 0 0 0 0 0 0 0 0 0 0 0 0 0 0 0 0 0 0 0 0 0 0 0 0 0 0 0 0 0 0 0 0 0 0
0 7 1 0 0 0 4 0 0 35 0 0 8 17 0 0 0 46 11 20 0 0 80 0 25 4 0 272 26 11 41 3 0 0 69 38 6 27 0 0 0 0 6 0 0 0 14 0 32 0 118 0 0 0 0 0 0 0 0 0 0 0 0 0 7 0 0 0 0 0 0 0 0 0 0 0 0 0 0 0 0 0 0 0 0 0 0 0 0 0 0 0 0 0 0 0 0 0 0 0 0
0 8 1 0 0 0 2 0 0 31 0 0 20 4 0 0 0 52 23 38 0 0 95 0 18 4 0 318 75 13 32 39 0 0 92 29 9 20 1 0 0 0 30 0 0 0 9 0 26 0 91 0 0 0 0 0 0 0 0 0 0 0 0 0 13 0 0 0 0 0 0 0 0 0 0 0 0 0 0 0 0 0 0 0 0 0 0 0 0 0 0 0 0 0 0 0 0 0 0 0 0
0 9 0 0 0 0 122 0 0 36 0 0 8 7 0 0 0 46 11 17 0 0 75 0 8 1 0 305 46 14 17 128 0 0 66 33 39 13 0 0 0 0 18 0 0 0 7 0 21 0 44 0 0 0 1 0 0 0 0 0 0 0 0 0 9 0 0 0 0 0 0 0 0 0 0 0 0 0 0 0 0 0 0 0 0 0 0 0 0 0 0 0 0 0 0 0 0 0 0 0 0
0 7 0 0 0 0 67 1 0 43 0 0 6 7 0 0 0 32 10 12 0 0 40 0 14 3 0 183 29 13 10 123 0 0 31 36 51 9 0 0 0 0 9 0 0 0 12 0 18 0 32 0 0 0 8 0 0 0 0 0 0 0 0 0 15 0 0 0 0 0 0 0 0 0 0 0 0 0 0 0 0 0 0 0 0 0 0 0 0 0 0 0 0 0 0 0 0 0 0 0 0
0 4 0 0 0 0 37 0 0 26 0 0 1 5 0 0 0 17 9 13 0 0 29 0 10 15 0 126 37 5 4 145 0 0 26 37 34 38 0 0 0 0 10 0 0 0 3 0 8 0 15 243 0 0 23 0 0 0 0 0 0 0 0 0 9 0 0 0 0 0 0 0 0 0 0 0 0 0 0 0 0 0 0 0 0 0 0 0 0 0 0 0 0 0 0 0 0 0 0 0 0
0 1 0 0 0 0 34 2 0 27 0 0 9 7 0 0 0 27 11 10 0 0 18 0 10 56 0 169 22 6 9 96 0 0 19 26 18 56 0 0 0 0 3 0 0 0 4 0 8 0 9 281 0 0 16 0 0 0 0 0 0 0 0 0 12 0 0 0 0 0 0 0 0 0 0 0 0 0 0 0 0 0 0 0 0 0 0 0 0 0 0 0 0 0 0 0 0 0 0 0 0
0 2 0 0 0 0 34 6 0 26 0 0 5 5 0 0 0 27 11 18 0 0 96 0 4 72 0 147 22 10 62 53 0 0 33 21 14 41 1 0 0 0 8 0 0 0 3 0 9 6 6 191 0 0 25 0 0 0 0 0 0 0 0 1 10 0 0 0 0 0 0 0 0 0 0 0 0 0 0 0 0 0 0 0 0 0 0 0 0 0 0 0 0 0 0 0 0 0 0 0 0
0 2 1 0 0 0 15 11 0 23 0 0 0 6 0 0 0 16 5 12 0 0 91 0 2 45 0 65 22 8 35 31 0 0 27 11 10 42 1 0 0 0 1 0 0 0 5 0 4 416 8 110 0 0 20 0 0 0 0 0 0 0 0 0 11 0 0 0 0 0 0 0 0 0 0 0 0 0 0 0 0 0 0 0 0 0 0 0 0 0 0 0 0 0 0 0 0 0 0 0 0
0 5 15 0 0 0 16 5 0 9 0 0 3 9 0 0 0 9 2 11 0 0 61 0 4 25 0 45 10 6 51 43 0 0 11 13 11 30 0 0 0 0 6 0 0 0 6 0 4 333 2 52 0 0 9 0 0 0 0 0 0 0 0 34 4 0 0 0 0 0 0 0 0 0 0 0 0 0 0 0 0 0 0 0 0 0 0 0 0 0 0 0 0 0 0 0 0 0 0 0 0
0 6 4 0 0 0 34 5 0 15 0 0 3 8 0 2 0 15 6 11 0 0 73 0 7 36 0 25 6 6 39 62 0 0 16 19 7 16 1 0 0 0 2 0 0 0 5 0 5 150 0 28 0 0 5 0 0 0 0 0 0 0 0 58 2 0 0 0 0 0 0 0 0 0 0 0 0 0 0 0 0 0 0 0 0 0 0 0 0 0 0 0 0 0 0 0 0 0 0 0 0
0 7 5 0 0 0 20 6 0 13 0 0 2 8 0 354 0 9 6 6 0 0 64 0 7 16 0 90 15 3 36 56 0 0 12 16 12 19 1 3 0 0 6 0 0 0 12 0 5 73 3 25 0 0 7 0 0 0 0 0 0 0 0 49 5 0 0 0 0 0 0 0 0 0 0 0 0 0 0 0 0 0 0 0 0 0 0 0 0 0 0 0 0 0 0 0 0 0 0 0 0
0 5 23 0 0 0 17 6 0 8 0 0 2 10 0 316 0 16 4 8 0 0 64 0 6 11 0 49 10 7 45 34 0 0 12 18 19 33 2 41 0 0 6 0 0 0 4 0 10 49 6 16 0 0 9 0 0 0 0 0 0 0 0 52 7 0 0 0 0 0 0 0 0 0 0 0 0 0 0 0 0 0 0 0 0 0 0 0 0 0 0 0 0 0 0 0 0 0 0 0 0
0 10 99 0 0 0 22 1 0 22 0 88 8 11 0 205 0 13 10 28 0 0 84 0 6 24 0 49 15 7 46 29 0 0 15 26 13 29 7 91 0 0 7 0 0 0 5 0 9 51 17 8 0 0 12 0 0 0 0 0 0 0 0 72 7 0 0 0 0 0 0 0 0 0 0 0 0 0 0 0 0 0 0 0 0 0 0 0 0 0 0 0 0 0 0 0 0 0 0 0 0
0 8 146 0 0 0 24 13 0 23 0 108 7 15 0 177 0 16 11 21 0 0 52 0 17 22 0 60 20 10 57 35 0 0 21 35 22 32 10 197 0 0 12 0 0 0 4 0 8 37 159 4 0 0 79 0 0 0 0 0 0 0 0 48 17 0 0 0 0 0 0 0 0 0 0 0 0 0 0 0 0 0 0 0 0 0 0 0 0 0 0 0 0 0 0 0 0 0 0 0 0
0 5 120 0 0 0 11 34 0 12 0 217 11 6 0 74 0 8 8 14 0 0 30 0 17 10 0 90 10 4 27 130 0 0 12 15 11 22 76 145 0 0 7 0 0 0 6 0 6 19 85 6 0 0 116 0 0 0 0 0 0 0 0 63 6 0 0 0 0 0 0 0 0 0 0 0 0 0 0 0 0 0 0 0 0 0 0 0 0 0 0 0 0 0 0 0 0 0 0 0 0
0 4 89 0 0 0 10 50 0 14 0 330 2 7 0 39 0 12 4 17 0 0 31 0 1 7 0 80 11 11 23 141 0 0 4 21 10 11 116 164 0 0 5 0 0 0 4 0 2 17 73 5 0 0 137 0 0 0 0 0 0 0 0 72 15 0 0 0 0 0 0 0 0 0 0 0 0 0 0 0 0 0 0 0 0 0 0 0 0 0 0 0 0 0 0 0 0 0 0 0 0
0 4 45 0 0 0 7 112 0 15 0 356 6 9 0 25 0 18 8 13 0 0 33 0 4 9 0 56 10 9 16 134 0 0 4 12 7 12 76 158 0 0 7 0 0 0 4 0 4 127 62 3 0 0 125 0 0 0 0 0 0 0 0 37 3 0 0 0 0 0 0 0 0 0 0 0 0 0 0 0 0 0 0 0 0 0 0 0 0 0 0 0 0 0 0 0 0 0 0 0 0
0 6 37 0 0 0 4 92 0 6 0 223 5 11 0 13 0 9 2 10 0 0 25 0 4 10 0 48 7 11 21 87 0 0 12 8 3 9 59 91 0 0 8 0 0 0 2 0 7 48 54 28 0 0 89 0 0 0 0 0 0 0 0 39 5 0 0 0 0 0 0 0 0 0 0 0 0 0 0 0 0 0 0 0 0 0 0 0 0 0 0 0 0 0 0 0 0 0 0 0 0
0 3 20 0 0 0 9 108 0 4 0 163 2 9 0 9 0 7 5 10 0 0 28 0 3 13 0 64 8 13 12 60 0 0 6 8 2 5 68 62 0 0 7 0 0 0 4 0 1 31 48 50 0 0 58 0 0 0 0 0 0 0 1 12 5 0 0 0 0 0 0 0 0 0 0 0 0 0 0 0 0 0 0 0 0 0 0 0 0 0 0 0 0 0 0 0 0 0 0 0 0
0 7 10 0 0 0 6 110 0 9 0 110 6 6 0 7 0 3 5 8 0 0 39 0 3 9 0 69 3 11 12 57 0 0 11 7 4 14 89 71 0 0 8 0 0 0 2 0 4 23 32 37 0 0 43 0 0 0 0 0 0 0 1 19 5 0 0 0 0 0 0 0 0 0 0 0 0 0 0 0 0 0 0 0 0 0 0 0 0 0 0 0 0 0 0 0 0 0 0 0 0
0 6 12 0 0 0 3 73 0 5 0 89 4 9 1 2 0 5 1 7 0 0 25 0 3 9 0 60 7 10 10 57 0 0 2 5 5 8 75 57 0 0 2 0 0 0 5 0 4 13 29 25 0 1 142 0 0 0 0 0 0 0 4 20 7 0 0 0 0 0 0 0 0 0 0 0 0 0 0 0 0 0 0 0 0 0 0 0 0 0 0 0 0 0 0 0 0 0 0 0 0
0 2 9 0 0 0 7 114 0 8 0 71 4 9 0 12 0 6 1 7 0 0 19 0 4 5 0 75 5 4 11 64 0 0 4 9 6 7 65 102 0 0 5 0 0 0 3 0 0 16 26 37 0 132 150 0 0 0 0 0 0 0 3 56 3 0 0 0 0 0 0 0 0 0 0 0 0 0 0 0 0 0 0 0 0 0 0 0 0 0 0 0 0 0 0 0 0 0 0 0 0
0 6 9 0 0 0 6 123 0 6 0 37 6 6 0 2 0 7 7 11 0 0 20 0 7 6 0 83 4 4 4 37 0 0 5 8 7 6 52 73 0 0 3 0 0 0 7 0 9 33 21 37 0 112 140 0 0 0 0 0 0 0 23 37 6 0 0 0 0 0 0 0 0 0 0 0 0 0 0 0 0 0 0 0 0 0 0 0 0 0 0 0 0 0 0 0 0 0 0 0 0
0 7 6 0 0 0 6 65 0 12 0 72 3 7 0 3 0 9 6 15 0 0 10 0 6 4 0 45 5 5 7 33 0 0 1 8 4 6 26 41 0 0 5 0 0 0 4 0 3 31 11 15 0 72 56 0 0 0 0 0 0 0 53 37 4 0 0 0 0 0 0 0 0 0 0 0 0 0 0 0 0 0 0 0 0 0 0 0 0 0 0 0 0 0 0 0 0 0 0 0 0
0 5 26 0 0 0 3 59 0 14 0 66 3 2 0 31 0 10 1 11 0 0 12 0 0 7 0 35 2 6 6 25 0 0 4 7 1 2 24 44 0 5 6 0 0 0 2 0 4 25 12 16 0 52 43 0 0 0 0 0 0 0 72 43 4 0 0 0 0 0 0 0 0 0 0 0 0 0 0 0 0 0 0 0 0 0 0 0 0 0 0 0 0 0 0 0 0 0 0 0 0
0 4 40 0 0 0 4 37 0 7 0 67 2 7 0 34 0 11 1 13 0 0 9 0 2 2 0 28 4 3 4 14 0 0 4 4 2 3 23 31 0 177 6 0 0 0 0 0 9 26 9 11 0 31 35 0 0 0 0 0 0 0 53 39 4 0 0 0 0 0 0 0 0 0 0 0 0 0 0 0 0 0 0 0 0 0 0 0 0 0 0 0 0 0 0 0 0 0 0 0 0
0 4 44 0 0 0 8 21 0 8 0 50 4 4 0 14 0 9 2 4 0 0 10 0 4 4 0 18 4 3 9 13 0 0 2 8 1 3 13 25 0 378 8 0 0 0 1 0 8 16 16 15 0 26 24 0 0 0 0 0 0 0 48 39 3 0 0 0 0 0 0 0 0 0 0 0 0 0 0 0 0 0 0 0 0 0 0 0 0 0 0 0 0 0 0 0 0 0 0 0 0
0 2 32 0 0 0 9 32 0 3 0 29 0 6 0 23 0 1 0 10 0 0 5 0 2 5 0 8 6 1 3 7 0 0 5 4 1 5 6 19 0 208 7 4 0 0 2 0 2 9 6 7 0 16 21 0 0 0 0 0 0 0 34 18 2 0 0 0 0 0 0 0 0 0 0 0 0 0 0 0 0 0 0 0 0 0 0 0 0 0 0 0 0 0 0 0 0 0 0 0 0
0 5 35 0 0 0 15 16 0 5 0 22 2 8 0 22 0 4 1 3 0 0 7 0 1 2 0 12 4 6 0 22 0 0 6 5 4 5 8 14 0 121 5 145 0 0 3 0 1 17 11 12 0 12 6 0 0 0 0 0 0 0 34 33 5 0 0 0 0 0 0 0 0 0 0 0 0 0 0 0 0 0 0 0 0 0 0 0 0 0 0 0 0 0 0 0 0 0 0 0 0
0 8 27 0 0 0 7 18 0 9 0 22 1 2 0 20 0 6 1 1 0 0 7 0 1 2 0 14 1 3 3 8 0 0 2 4 5 4 31 20 0 70 9 126 0 0 3 0 4 6 6 6 0 6 14 0 0 0 0 0 0 0 43 18 0 0 0 0 0 0 0 0 0 0 0 0 0 0 0 0 0 0 0 0 0 0 0 0 0 0 0 0 0 0 0 0 0 0 0 0 0
0 4 22 0 0 0 1 12 0 5 0 14 2 5 0 13 0 2 3 6 0 0 6 0 4 3 0 8 3 4 5 9 0 0 5 7 0 8 74 14 0 34 2 269 0 0 2 0 4 11 3 3 0 9 9 0 0 0 0 0 0 0 43 7 3 0 0 0 0 0 0 0 0 0 0 0 0 0 0 0 0 0 0 0 0 0 0 0 0 0 0 0 0 0 0 0 0 0 0 0 0
0 3 10 0 0 0 6 12 0 7 2 22 0 4 0 18 0 3 2 4 0 0 10 0 2 1 0 7 0 2 4 10 0 0 5 8 0 4 40 11 0 21 0 173 0 0 0 0 3 7 5 6 0 10 10 0 0 0 0 0 0 0 20 14 3 0 0 0 0 0 0 0 0 0 0 0 0 0 0 0 0 0 0 0 0 0 0 0 0 0 0 0 0 0 0 0 0 0 0 0 0
0 4 22 0 0 0 3 9 0 4 515 24 3 4 0 10 0 3 2 4 0 0 11 0 3 4 0 6 7 1 5 6 0 0 7 3 4 1 29 8 0 18 4 92 4 0 3 0 4 6 2 11 0 5 15 0 0 0 0 0 0 0 17 16 3 0 0 0 0 0 0 0 0 0 0 0 0 0 0 0 0 0 0 0 0 0 0 0 0 0 0 0 0 0 0 0 0 0 0 0 0
0 3 14 0 0 0 1 8 0 7 272 25 0 2 0 4 0 1 3 3 0 0 9 0 4 8 0 7 9 3 4 9 0 0 7 3 2 5 29 11 0 19 1 39 520 0 2 0 2 3 6 5 0 10 10 0 0 0 0 0 0 0 16 13 4 0 0 0 0 0 0 3 0 0 0 0 0 0 0 0 0 0 0 0 0 0 0 0 0 0 0 0 0 0 0 0 0 0 0 0 0
0 3 14 0 0 0 6 8 0 4 104 19 3 0 0 3 0 8 1 6 0 0 10 0 4 6 0 7 1 5 5 9 98 0 2 5 2 3 18 9 0 7 6 35 398 0 5 0 0 7 7 3 0 152 21 0 0 0 0 0 0 0 8 12 5 0 0 0 0 0 0 2 0 0 0 0 0 0 0 0 0 0 0 0 0 0 0 0 0 0 0 0 0 0 0 0 0 0 0 0 0
0 2 10 0 0 0 2 7 0 4 51 21 2 2 1 8 0 2 2 2 0 0 8 0 6 5 0 8 2 2 8 2 255 0 3 2 2 4 17 11 0 3 3 18 142 0 3 0 1 9 4 6 0 62 5 0 0 0 0 0 0 0 105 13 2 0 0 0 0 0 1 44 0 0 0 0 0 0 0 0 0 0 0 0 0 0 0 0 0 0 0 0 0 0 0 0 0 0 0 0 0
0 4 8 0 0 0 4 13 0 4 23 13 1 4 1 3 0 2 3 9 0 0 5 0 2 6 0 2 4 0 12 3 171 0 2 7 1 3 14 5 0 4 1 7 64 0 1 0 1 5 6 3 0 30 4 0 0 0 0 0 0 0 78 3 4 0 0 0 0 0 0 55 0 0 0 0 0 0 0 0 0 0 0 0 0 0 0 0 0 0 0 0 0 0 0 0 0 0 0 0 0
0 2 13 0 0 0 5 9 0 17 20 11 0 6 1 3 0 4 1 1 0 0 4 0 2 1 0 3 4 2 7 5 86 0 3 4 1 3 17 6 0 2 0 8 46 0 2 0 0 5 2 8 0 33 7 0 0 0 0 0 0 0 45 8 1 0 0 0 0 0 0 78 0 0 0 0 0 0 0 0 0 0 0 0 0 0 0 0 0 0 0 0 0 0 0 0 0 0 0 0 0
0 5 8 0 0 0 4 11 0 1 11 11 2 4 0 4 0 4 0 4 0 0 6 0 3 6 0 4 5 3 3 7 52 0 1 2 2 6 24 7 0 6 1 9 42 0 0 0 1 1 3 1 0 21 14 0 0 0 0 0 0 0 45 7 0 0 0 0 0 0 0 69 0 0 0 0 0 0 0 0 0 0 0 0 0 0 0 0 0 0 0 0 0 0 0 0 0 0 0 0 0
0 2 10 0 0 0 1 11 0 5 5 10 1 4 2 3 0 4 2 1 0 0 2 0 1 4 0 6 2 3 0 3 31 0 2 2 1 7 27 5 0 11 2 2 19 0 0 0 1 3 3 1 0 20 12 0 0 4 0 0 0 0 29 7 1 0 0 0 0 0 0 34 0 0 0 0 0 0 0 0 0 0 0 0 0 0 0 0 0 0 0 0 0 0 0 0 0 0 0 0 0
0 8 7 0 0 0 1 6 0 1 4 2 1 2 8 2 0 3 0 2 0 0 4 0 4 3 0 5 2 1 4 16 24 0 5 2 0 10 14 8 0 5 1 1 8 0 2 0 0 4 4 2 0 25 5 0 0 143 0 0 0 0 29 8 1 0 0 0 0 0 0 25 0 0 0 0 0 0 0 0 0 0 0 0 0 0 0 0 0 0 0 0 0 0 0 0 0 0 0 0 0
0 1 8 0 0 0 5 4 0 10 4 6 2 1 27 2 0 7 0 4 0 0 2 0 5 0 0 3 6 4 5 13 15 0 5 6 0 6 20 13 0 3 3 13 9 0 0 0 0 6 2 3 0 18 7 0 0 260 0 0 0 0 35 5 4 0 0 0 0 0 0 25 0 0 0 0 0 0 0 0 0 0 0 0 0 0 0 0 0 0 0 0 0 0 0 0 0 0 0 0 0
0 10 4 0 0 0 1 10 0 5 7 6 1 1 21 4 0 3 2 8 0 0 2 0 2 2 0 9 1 1 1 11 5 0 7 4 1 5 13 8 0 4 3 19 4 0 0 0 0 5 5 4 6 25 7 0 0 174 0 0 0 0 37 2 0 0 0 0 0 0 0 20 0 0 0 28 0 0 0 0 0 0 0 0 0 0 0 0 0 0 0 0 0 0 0 0 0 0 0 0 0
0 7 1 0 0 0 3 8 0 3 3 8 1 2 14 4 0 1 1 2 0 0 5 0 0 2 0 1 1 0 0 6 3 0 2 3 3 5 6 3 0 19 0 24 4 0 0 0 2 3 5 4 118 9 6 0 0 101 0 0 0 0 23 2 1 0 0 0 0 0 0 11 0 0 0 37 0 0 0 0 0 0 0 0 0 0 0 0 0 0 0 0 0 0 0 0 0 0 0 0 0
0 3 7 0 0 0 0 5 0 4 9 5 1 0 21 5 0 2 1 5 0 0 3 0 0 0 0 3 3 2 3 6 5 0 2 5 0 8 8 6 0 56 1 38 5 0 0 0 2 2 7 3 242 14 8 0 0 78 0 0 0 0 21 3 1 0 0 0 0 0 0 7 0 0 0 71 0 0 0 0 0 0 0 0 0 0 0 0 0 0 0 0 0 0 0 0 0 0 0 0 0
0 6 5 0 0 0 4 6 0 4 7 14 0 0 25 8 0 4 2 1 0 0 5 0 2 3 0 7 3 2 0 9 8 0 3 3 3 4 21 5 0 33 6 28 9 0 2 0 2 5 4 7 213 16 9 0 0 56 0 0 0 0 19 10 0 0 0 0 0 0 0 4 0 0 0 66 0 0 0 0 0 0 0 0 0 0 0 0 0 0 0 0 0 0 0 0 0 0 0 0 0
0 5 6 0 0 0 3 3 0 1 53 2 5 4 25 2 0 0 2 1 0 0 2 0 0 5 0 5 4 2 2 7 5 0 3 4 1 2 9 6 0 33 2 26 14 0 0 0 2 2 6 6 153 12 5 0 0 25 0 0 0 0 22 5 1 0 0 0 0 0 0 70 0 0 0 74 0 0 0 0 0 0 0 0 0 0 0 0 0 0 0 0 0 0 0 0 0 0 0 0 0
0 1 3 0 0 0 2 7 0 3 61 8 1 3 14 5 0 4 2 3 0 0 6 0 2 3 0 10 5 3 4 5 1 0 1 3 4 3 8 4 0 24 1 19 10 0 1 0 3 1 4 2 94 7 5 1 0 22 0 0 0 0 20 6 1 0 0 0 0 0 0 85 0 0 0 107 0 0 0 0 0 0 0 0 0 0 0 0 0 0 0 0 0 0 0 0 0 0 0 0 0
0 3 3 0 0 0 4 6 0 1 35 4 3 4 11 4 0 2 0 0 0 0 2 0 1 0 0 10 0 4 5 1 26 0 3 3 1 0 5 4 0 19 4 22 22 0 2 0 0 4 7 6 46 11 9 0 0 8 0 0 0 0 17 6 3 0 0 0 0 1 0 68 0 0 0 66 0 0 0 0 0 0 0 0 0 0 0 0 0 0 0 0 0 0 0 0 0 0 0 0 0
0 4 2 0 0 0 2 2 0 2 17 5 1 5 17 2 0 2 1 1 0 0 4 0 2 2 0 7 0 3 0 6 57 0 1 0 0 2 7 6 0 14 4 7 21 0 0 0 4 3 3 3 33 4 5 1 0 6 0 0 0 0 9 4 0 0 0 0 0 0 0 45 0 0 1 44 0 0 1 0 0 0 0 0 0 0 0 0 0 0 0 0 0 0 0 0 0 0 0 0 0
0 3 6 0 0 0 0 6 0 5 14 5 1 8 14 2 0 2 1 1 0 0 4 0 0 2 0 1 0 1 1 2 77 0 0 2 1 1 3 8 0 12 1 5 22 0 1 0 0 7 4 3 21 4 3 1 0 4 0 0 0 0 10 3 0 0 0 0 0 0 1 30 0 0 0 33 0 0 1 0 0 0 0 0 0 0 0 0 0 0 0 0 0 0 0 0 0 0 0 0 0
0 2 7 0 0 0 4 6 0 3 14 3 0 5 13 4 0 0 0 1 0 0 7 0 0 2 0 5 3 1 1 5 64 0 4 3 1 3 8 3 0 8 2 6 28 0 0 0 0 4 3 2 16 6 2 0 0 5 0 0 0 1 12 3 2 0 0 0 0 0 0 27 0 0 0 18 0 0 0 0 0 0 0 0 0 0 0 0 0 0 0 0 0 0 0 0 0 0 0 0 0
0 5 4 0 0 0 1 2 0 1 19 3 1 3 6 2 0 0 1 3 0 0 2 0 4 1 0 6 4 1 3 4 52 0 1 0 1 4 10 5 0 6 5 6 21 0 0 0 0 1 2 1 12 4 6 0 0 8 0 0 0 192 6 3 1 0 0 0 0 0 1 17 0 0 0 41 0 0 0 0 0 0 0 0 0 0 0 0 0 0 0 0 0 0 0 0 0 0 0 0 0
0 4 2 0 0 0 1 6 0 1 16 4 1 4 13 3 0 0 1 1 0 0 7 0 0 3 0 4 4 3 3 3 65 0 1 0 4 3 11 2 0 8 1 7 31 0 1 0 0 3 3 2 10 7 7 5 0 1 0 0 0 232 9 4 0 0 0 0 0 0 3 15 0 0 0 50 0 0 0 0 0 0 0 0 0 0 0 0 0 0 0 0 0 0 0 0 0 0 0 0 0
0 2 2 0 0 0 1 0 0 4 7 9 1 1 11 4 0 3 1 1 0 0 4 0 1 3 0 4 6 2 0 4 31 0 2 1 0 1 3 3 0 9 1 7 22 0 0 0 0 4 2 2 5 4 3 1 0 1 0 0 0 156 3 2 0 0 0 0 0 3 9 13 39 0 0 18 0 0 1 0 0 0 0 0 0 0 0 0 0 0 0 0 0 0 0 0 0 0 0 0 0
0 2 11 0 0 0 0 3 0 2 6 3 2 1 6 3 0 4 2 1 0 0 6 0 2 1 0 5 5 1 2 0 27 0 0 1 0 1 5 4 0 10 5 5 16 0 0 0 1 2 7 2 2 3 2 0 0 6 0 0 0 116 9 1 1 0 0 0 0 8 3 8 182 0 5 26 36 0 0 0 0 0 0 0 0 0 0 0 0 0 0 0 0 0 0 0 0 0 0 0 0
0 5 4 0 0 0 2 4 8 0 11 1 0 3 35 5 0 3 0 1 0 0 2 0 2 1 0 2 10 2 0 6 26 0 0 2 1 1 5 1 0 4 0 3 11 0 1 0 3 5 6 1 9 11 3 0 0 52 0 0 0 93 7 4 0 0 0 0 0 11 7 15 215 0 61 11 61 0 0 0 0 0 0 0 0 0 0 0 0 0 0 0 0 0 0 0 0 0 0 0 0
0 2 2 0 0 0 1 2 706 2 9 5 1 1 83 5 0 0 2 2 0 0 4 0 1 4 0 3 1 1 1 3 22 0 0 1 0 2 12 3 0 6 3 3 12 0 0 0 0 5 3 1 6 3 4 7 0 38 0 0 0 53 2 5 0 0 0 0 0 13 5 12 66 0 73 34 39 0 3 0 0 0 0 0 0 0 0 0 0 0 0 0 0 0 0 0 0 0 0 0 0
0 4 2 0 0 0 0 3 410 2 4 7 0 0 33 2 0 1 1 2 0 0 4 0 0 2 0 1 3 1 1 0 12 0 0 1 0 1 5 2 0 5 2 2 15 0 0 0 2 6 4 0 19 0 1 10 0 31 0 0 0 27 3 3 0 0 0 0 0 12 5 5 34 0 39 15 13 0 1 0 0 0 0 0 0 0 0 0 0 0 0 0 0 0 0 0 0 0 0 0 0
0 0 1 0 0 0 0 0 46 0 1 0 0 0 7 1 0 1 0 0 0 0 2 0 0 1 0 0 0 1 0 0 5 0 0 0 1 0 1 2 0 1 0 1 4 0 0 0 0 0 1 0 25 1 0 4 0 5 0 0 0 5 1 0 0 0 0 0 0 7 1 1 8 0 3 5 3 0 1 0 0 0 0 0 0 0 0 0 0 0 0 0 0 0 0 0 0 0 0 0 0
0 2 0 0 0 0 0 1 29 0 2 0 0 0 3 1 0 1 0 0 0 0 1 0 0 0 0 0 0 0 0 0 2 0 0 1 0 0 0 1 0 1 2 1 1 0 0 0 1 1 1 0 9 0 0 3 0 6 0 0 0 5 0 1 0 0 0 0 0 2 1 1 6 0 6 10 6 0 6 0 0 0 0 0 0 0 0 0 0 0 0 0 0 0 0 0 0 0 0 0 0
0 0 0 0 0 0 0 1 14 0 0 0 1 0 4 0 0 1 0 1 0 0 1 0 0 0 0 0 0 0 0 1 1 0 0 0 0 0 3 0 0 0 0 0 1 0 0 0 0 2 0 0 4 0 0 5 0 7 0 0 0 3 0 0 0 0 0 0 0 3 1 0 4 0 15 3 0 0 1 0 0 0 0 0 0 0 0 0 0 0 0 0 0 0 0 0 0 0 0 0 0
0 0 0 0 0 0 0 1 6 0 2 1 0 0 9 2 0 0 0 0 0 0 2 0 0 0 0 0 0 0 0 1 2 0 0 0 0 1 1 0 0 1 2 2 2 0 0 0 0 2 0 0 3 0 0 2 0 0 0 0 0 26 1 0 0 0 0 0 0 1 5 2 3 0 5 2 2 0 1 0 0 0 0 0 0 0 0 0 0 0 0 0 0 0 0 0 0 0 0 0 0
0 2 0 0 0 0 0 6 23 0 3 8 0 1 20 4 0 0 0 1 0 0 1 0 1 0 0 3 1 0 3 1 6 0 0 0 1 1 5 2 0 1 2 1 5 0 0 0 1 2 4 0 21 2 0 5 0 8 0 0 0 115 7 3 1 0 0 0 0 4 2 8 13 0 27 16 3 0 12 0 0 0 0 0 0 0 0 0 0 0 0 0 0 0 0 0 0 0 0 0 0
0 6 4 0 0 0 2 4 14 0 4 4 3 3 28 12 0 2 1 2 0 0 6 0 0 1 0 3 3 2 2 3 11 0 2 3 1 3 3 5 0 7 3 3 7 0 0 0 2 1 8 1 29 2 4 17 0 16 0 1 0 129 12 10 1 0 0 0 0 6 5 3 13 0 37 18 4 0 8 0 0 0 0 0 0 0 0 0 0 0 0 0 0 0 0 0 0 0 0 0 0
0 0 4 0 0 0 1 10 23 2 7 15 3 5 29 2 0 2 1 6 0 0 8 0 2 3 0 2 2 4 2 1 21 0 1 2 0 2 12 3 0 9 2 5 10 0 3 0 1 5 6 4 22 8 2 46 0 14 0 8 0 96 23 12 4 0 0 0 0 56 5 10 75 0 52 17 6 0 30 0 0 0 0 0 0 0 0 0 0 0 0 0 0 0 0 0 0 0 0 0 0
0 1 2 0 0 0 2 3 17 0 4 4 1 3 38 2 0 0 1 2 0 0 5 0 1 0 0 4 0 2 2 1 5 0 2 0 2 4 9 6 0 7 1 3 3 0 0 0 0 0 2 3 17 6 5 136 0 9 0 45 0 97 23 5 1 0 0 0 0 79 69 7 52 2 38 15 4 0 60 0 0 0 0 0 0 0 0 0 0 0 0 0 0 0 0 0 0 0 0 0 0
0 2 3 0 0 0 2 6 16 2 2 1 2 2 79 5 0 1 2 2 0 0 2 0 0 0 0 3 6 3 0 2 7 0 2 4 0 1 7 4 0 5 2 1 2 0 1 0 0 4 2 1 26 1 9 156 0 14 0 137 0 70 42 2 1 0 0 0 0 78 154 3 97 2 34 19 70 0 102 0 0 0 0 0 0 0 0 0 0 0 0 0 0 0 0 0 0 0 0 0 0
0 4 4 0 0 0 2 5 47 3 2 13 0 1 78 3 0 1 1 4 0 0 3 0 2 1 0 2 3 2 4 2 9 0 0 3 0 3 10 6 0 5 0 7 2 0 1 0 0 1 4 1 8 0 3 137 0 6 0 254 0 54 40 5 0 0 0 0 0 71 122 10 76 5 23 29 76 0 97 0 0 0 0 0 0 0 0 0 0 0 0 0 0 0 0 0 0 0 0 0 0
0 5 4 0 0 0 1 4 27 2 1 6 1 2 34 1 0 3 1 1 0 0 3 0 1 0 0 1 4 1 1 3 8 0 0 2 0 1 5 4 0 3 4 1 0 0 0 0 2 1 4 0 12 4 3 85 0 11 0 126 0 45 28 4 0 0 0 0 0 100 90 5 54 54 111 19 51 0 62 0 0 0 0 0 0 0 0 0 0 0 0 0 0 0 0 0 0 0 0 0 0
0 0 2 0 0 0 0 1 16 3 3 6 1 3 26 1 0 0 3 3 0 0 7 0 0 1 0 3 2 2 2 0 7 0 0 1 0 2 3 3 0 5 2 4 4 0 0 0 0 1 4 0 9 4 4 86 0 7 0 96 0 46 25 2 0 0 0 0 0 216 97 3 30 37 91 14 49 0 73 0 0 0 0 0 0 0 0 0 0 0 0 0 0 0 0 0 0 0 0 0 0
0 3 3 0 0 0 1 0 17 0 3 3 2 0 27 3 0 1 0 0 0 0 0 0 0 0 0 4 1 0 1 1 7 0 3 3 0 1 7 1 0 7 4 4 5 0 1 0 0 0 2 0 7 4 2 71 0 5 0 62 0 36 25 2 0 0 0 0 0 132 122 6 19 133 71 10 27 0 123 0 0 0 0 0 0 0 0 0 0 0 0 0 0 0 0 0 0 0 0 0 0
0 3 3 0 0 0 2 9 9 0 2 2 2 3 50 0 0 0 1 2 0 0 4 0 0 1 0 2 0 1 1 0 4 0 1 1 0 2 7 4 0 0 1 1 5 0 0 0 1 2 2 2 10 6 5 91 0 6 0 59 0 26 27 0 1 0 0 0 0 120 109 4 14 115 53 15 25 0 115 0 0 0 0 0 0 0 0 0 0 0 0 0 0 0 0 0 0 0 0 0 0
0 1 2 0 0 0 0 4 6 0 2 3 2 3 24 0 0 1 3 0 0 0 3 0 0 0 0 2 2 3 1 2 5 0 1 3 3 0 7 5 0 1 4 4 3 0 2 0 1 1 1 1 5 3 2 46 0 2 0 48 0 25 30 2 1 0 0 0 0 138 95 5 24 80 33 9 20 0 81 0 0 0 0 0 0 0 0 0 0 0 0 0 0 0 0 0 0 0 0 0 0
0 2 1 0 0 0 1 1 10 1 9 2 0 2 18 0 0 0 2 1 0 0 2 0 0 0 0 3 1 1 2 1 8 0 1 0 2 0 3 1 0 5 4 5 3 0 0 0 0 1 1 3 2 1 0 101 0 4 0 35 0 28 20 5 0 0 0 0 0 53 58 4 18 56 36 3 8 0 39 0 0 0 0 0 0 0 0 0 0 0 0 0 0 0 0 0 0 0 0 0 0
0 4 4 0 0 0 0 2 21 0 3 4 0 1 10 4 0 1 1 1 0 0 1 0 1 0 0 1 3 1 1 2 14 0 0 0 2 4 4 0 0 2 4 3 3 0 0 0 0 5 2 0 9 2 3 85 0 4 0 25 0 14 11 0 1 0 0 0 0 36 45 2 12 32 24 6 12 0 28 0 0 0 0 0 0 0 0 0 0 0 0 0 0 0 0 0 0 0 0 0 0
0 2 1 0 0 0 2 4 226 1 2 3 1 0 5 3 0 1 0 1 0 0 3 0 1 2 0 6 0 1 2 1 11 0 1 3 0 1 2 2 0 2 6 2 2 0 1 0 0 4 0 0 6 0 2 46 0 3 0 20 0 14 6 2 1 0 0 0 0 22 39 2 11 35 29 3 12 0 25 0 0 0 0 0 0 0 0 0 0 0 0 0 0 0 0 0 0 0 0 0 0
0 0 1 0 0 0 1 2 95 0 3 5 2 1 13 1 0 3 0 1 0 0 7 0 0 0 0 4 1 2 2 2 12 0 2 3 1 0 4 3 0 1 1 1 3 0 2 0 0 0 1 0 9 1 1 46 0 0 0 8 0 16 3 0 1 0 0 0 0 26 25 7 14 20 19 8 11 0 24 0 0 0 0 0 0 0 0 0 0 0 0 0 0 0 0 0 0 0 0 0 0
0 3 4 0 0 0 1 2 86 2 2 5 2 2 11 1 0 1 2 2 0 0 5 0 2 0 0 2 2 1 2 0 5 0 1 2 2 1 0 4 0 5 2 0 3 0 3 0 1 3 2 1 11 2 2 42 0 5 0 11 0 9 6 1 0 0 0 0 0 16 20 4 16 12 15 8 11 0 13 0 0 0 0 0 0 0 0 0 0 0 0 0 0 0 0 0 0 0 0 0 0
0 3 3 0 0 0 1 7 54 1 5 4 5 0 5 4 0 2 0 1 0 0 2 0 1 1 0 2 1 1 1 3 6 0 1 1 2 0 3 0 0 2 5 0 5 0 2 0 1 1 5 3 7 2 2 34 0 0 0 6 0 13 6 1 0 0 0 0 0 17 14 2 9 9 8 4 24 0 15 0 0 0 0 0 0 0 0 0 0 0 0 0 0 0 0 0 0 0 0 0 0
0 1 0 0 0 0 3 2 23 2 2 4 5 1 3 1 0 0 1 0 0 0 1 0 1 0 0 5 1 2 0 0 0 0 0 1 0 0 3 2 0 2 3 1 3 0 1 0 0 1 2 0 5 2 2 19 0 0 0 9 0 5 6 1 1 0 3 0 0 8 13 4 7 5 12 0 25 0 6 0 0 0 0 0 0 0 0 0 0 0 0 0 0 0 0 0 0 0 0 0 0
0 4 0 1 0 0 1 4 33 3 2 3 1 1 3 1 0 2 6 0 0 0 1 0 1 1 0 2 0 5 1 1 8 0 0 1 1 0 3 3 0 4 0 0 1 0 2 0 0 3 2 3 8 3 0 6 0 2 0 12 0 4 4 2 0 0 258 0 0 8 11 1 8 0 14 0 13 0 8 0 0 0 0 0 0 0 0 0 0 0 0 0 0 0 0 0 0 0 0 0 0
0 1 0 0 0 0 1 2 17 0 0 2 1 0 8 0 0 1 4 1 0 0 4 0 0 0 0 1 1 1 0 1 3 0 0 1 0 1 1 3 0 5 0 1 4 0 2 0 1 0 4 3 9 0 4 16 0 2 0 24 0 6 4 2 1 0 365 0 0 8 7 1 4 29 12 6 10 0 8 0 0 0 0 0 0 0 0 0 0 0 0 0 0 0 0 0 0 0 0 0 0
0 1 1 0 0 0 0 4 19 0 2 2 1 1 5 0 0 0 2 0 0 0 0 0 2 0 0 1 0 3 0 2 3 0 1 0 0 1 1 2 0 5 2 0 3 0 2 0 1 1 1 4 6 3 1 14 0 2 0 33 0 7 6 0 0 0 169 0 0 6 10 4 7 32 5 5 8 0 6 0 0 0 0 0 0 0 0 0 0 0 0 0 0 0 0 0 0 0 0 0 0
0 2 0 0 0 0 0 1 14 3 2 2 0 3 5 0 0 0 0 0 0 340 3 0 1 0 0 0 2 5 2 2 7 0 1 3 0 1 0 3 0 5 1 1 2 0 1 0 0 0 2 0 3 1 4 12 0 3 0 28 0 6 1 1 0 0 75 0 0 3 7 6 4 45 8 2 10 0 6 0 0 0 0 0 0 0 0 0 0 0 0 0 0 0 0 0 0 0 0 0 0
0 1 0 0 0 0 0 1 14 2 1 2 0 2 3 1 0 0 1 1 0 262 0 0 1 0 0 1 0 4 1 0 2 0 0 1 0 1 2 3 0 3 1 0 3 0 0 0 0 1 2 2 2 1 1 11 2 7 0 18 0 3 3 1 0 0 57 0 0 3 14 4 5 69 7 2 6 0 10 0 0 0 0 0 0 0 0 0 0 0 0 0 0 0 0 0 0 0 0 0 0
0 7 3 0 0 0 3 2 11 5 1 4 0 2 4 0 0 1 1 1 0 138 3 0 3 1 0 1 3 2 0 4 4 0 1 0 1 0 1 4 0 5 4 0 5 0 2 0 1 1 3 2 4 3 1 12 1 3 0 17 0 6 5 0 1 0 27 0 0 7 6 6 6 82 9 4 6 0 5 0 0 0 0 0 0 0 0 0 0 0 0 0 0 0 0 0 0 0 0 0 0
0 5 3 2 0 0 0 2 10 4 4 3 3 1 3 1 0 0 1 0 0 79 0 0 1 1 0 1 2 1 1 1 4 0 1 1 1 1 1 2 0 0 0 2 1 0 1 0 0 1 2 0 8 3 0 11 0 5 0 17 0 3 2 3 0 0 15 0 0 5 9 1 7 65 4 4 7 0 6 0 0 0 0 0 0 0 0 0 0 0 0 0 0 0 0 0 0 0 0 0 0
0 1 5 355 0 0 0 0 7 0 4 5 1 3 5 0 0 1 1 1 0 54 1 0 2 0 0 2 3 1 1 2 1 0 1 1 0 0 2 0 0 1 6 0 1 0 2 0 0 4 1 0 2 1 2 12 2 3 0 13 0 4 3 1 0 0 14 0 0 3 11 4 7 76 10 10 2 0 2 0 0 0 0 0 0 0 0 0 0 0 0 0 0 0 0 0 0 0 0 0 0
0 2 0 268 0 0 0 2 14 0 0 1 0 0 5 1 0 3 0 0 0 37 2 0 0 1 0 0 0 3 0 2 3 0 1 2 1 1 4 0 0 2 2 2 2 0 1 0 1 2 2 1 2 2 1 10 63 3 0 16 0 7 4 1 1 0 8 0 0 5 11 0 5 33 7 6 3 0 1 0 0 0 0 0 0 0 0 0 0 0 0 0 0 0 0 0 0 0 0 0 0
0 5 0 123 0 0 0 0 14 1 0 5 2 0 1 1 0 0 2 1 0 126 1 0 2 0 0 1 0 1 1 0 4 0 0 0 2 2 1 1 0 1 2 1 2 0 1 0 2 0 1 0 3 0 0 9 86 3 0 14 0 5 2 0 1 0 6 0 0 1 9 4 12 20 10 4 6 0 4 0 0 0 0 0 0 0 0 0 0 0 0 0 0 0 0 0 0 0 0 0 0
0 2 1 79 0 1 2 1 6 0 2 2 5 1 4 1 0 2 4 2 0 56 1 0 1 0 0 1 0 2 1 4 3 0 1 0 2 0 3 1 0 1 3 1 0 0 0 0 1 0 1 1 4 1 0 8 36 0 0 6 0 5 4 1 3 0 10 0 0 4 10 0 8 21 4 4 4 0 5 0 0 0 0 0 0 0 0 0 0 0 0 0 0 0 0 0 0 0 0 0 0
0 1 0 67 0 0 2 1 5 1 2 2 0 1 1 0 0 0 1 1 0 39 5 0 0 0 0 1 1 0 0 1 3 0 0 1 3 0 2 0 0 1 1 1 2 0 0 0 0 0 3 0 1 0 0 11 30 1 0 10 0 7 2 3 1 0 8 0 0 6 10 2 7 22 8 3 6 0 2 0 0 0 0 0 0 0 0 0 0 0 0 0 0 0 0 0 0 0 0 0 0
0 2 0 39 0 180 2 1 3 1 2 1 1 3 2 2 0 0 1 1 0 27 2 0 0 0 0 0 1 1 0 1 1 0 1 1 2 0 2 1 0 1 1 3 2 0 0 0 1 4 2 0 3 0 0 39 40 1 0 9 0 5 1 0 0 0 2 0 0 4 28 0 6 16 5 4 8 0 7 0 0 0 0 0 0 0 0 0 0 0 0 0 0 0 0 0 0 0 0 0 0
0 2 1 40 0 184 4 3 8 1 4 1 0 0 0 3 0 0 1 2 0 26 3 0 0 1 0 1 0 0 0 0 0 0 0 2 3 0 4 2 0 1 1 1 2 0 1 0 1 0 3 0 0 4 2 10 39 0 0 5 0 4 3 2 1 0 4 0 0 3 13 0 3 26 6 2 4 0 8 0 0 0 0 0 0 0 0 0 0 0 0 0 0 0 0 0 0 0 0 0 0
0 4 2 25 0 147 1 2 7 1 2 1 1 3 1 1 0 0 1 1 0 22 3 0 1 1 0 2 0 1 0 1 2 0 1 2 3 2 1 2 0 1 3 1 2 0 1 0 0 3 2 0 2 0 3 6 41 4 0 7 0 15 7 2 1 0 4 0 0 7 10 2 7 16 3 7 6 0 7 0 0 0 0 0 0 0 0 0 0 0 0 0 0 0 0 0 0 0 0 0 0
0 9 2 18 0 77 2 2 8 1 0 4 1 2 2 1 0 1 0 1 0 24 1 0 0 1 0 0 2 0 1 0 3 0 0 0 1 1 3 1 0 0 2 0 0 0 0 0 1 2 1 1 2 4 0 10 39 2 0 5 0 5 1 1 0 0 5 0 0 5 12 1 5 11 4 5 4 0 6 0 0 0 0 0 0 0 0 0 0 0 0 0 0 0 0 0 0 0 0 0 0
0 2 0 14 0 48 2 0 8 1 1 3 2 0 3 1 0 1 2 1 0 51 3 0 0 1 0 2 1 1 1 1 6 0 2 2 1 4 2 1 0 2 5 2 3 0 0 0 0 0 0 0 4 1 0 5 52 0 0 9 0 11 1 0 0 0 3 0 0 3 4 3 4 27 7 4 4 0 2 0 0 0 0 0 0 0 0 0 0 0 0 0 0 0 0 0 0 0 0 0 0
0 7 1 13 0 24 0 2 11 1 2 2 0 0 2 1 0 3 0 1 0 77 1 0 2 1 0 0 0 1 2 1 0 0 1 1 2 0 2 0 0 0 5 0 3 0 0 0 0 0 1 0 1 2 1 7 48 0 0 6 0 7 5 0 0 0 21 0 0 3 7 1 4 14 4 8 1 0 8 0 0 0 0 0 0 0 0 0 0 0 0 0 0 0 0 0 0 0 0 0 0
0 5 0 7 0 16 0 0 8 0 2 4 2 0 1 1 0 0 1 1 0 26 1 0 0 0 0 1 1 1 0 2 3 0 0 1 1 1 0 0 0 0 5 1 1 0 0 0 0 3 3 0 6 0 2 6 26 1 0 5 0 6 2 2 0 0 23 0 0 8 9 4 2 8 6 5 4 0 3 0 0 0 0 0 0 0 0 0 0 0 0 0 0 0 0 0 0 0 0 0 0
0 4 0 4 0 7 1 1 8 1 1 1 2 2 3 1 0 0 1 1 0 28 2 0 1 2 0 0 1 1 0 2 4 0 1 1 0 0 2 1 0 0 0 1 2 0 0 0 0 0 1 0 0 0 1 4 19 3 0 5 0 4 7 0 1 0 13 0 0 7 7 1 4 7 6 4 2 0 7 0 0 0 0 0 0 0 0 0 0 0 0 0 0 0 0 0 0 0 0 0 0
0 1 1 14 0 6 0 2 6 0 0 0 3 0 0 0 0 0 0 0 0 30 2 0 2 0 0 0 1 0 1 0 1 0 1 0 3 0 1 3 0 0 1 1 0 0 0 0 0 2 1 0 1 2 0 3 13 0 0 5 0 4 5 1 1 0 29 0 0 3 6 2 1 8 6 5 5 0 4 0 0 0 0 0 2 0 0 0 0 0 0 0 0 0 0 0 0 0 0 0 0
0 2 1 4 0 3 1 0 2 0 0 1 0 1 1 0 0 0 0 0 0 5 3 0 1 0 0 0 0 2 0 1 2 0 0 0 1 0 1 0 0 1 3 1 1 1 1 0 0 0 1 1 0 1 2 4 9 1 0 1 0 1 1 0 2 0 9 0 0 0 1 0 2 3 1 3 2 0 3 1 0 0 0 0 1 0 0 0 0 0 0 0 0 0 0 0 0 0 0 0 0
0 0 0 4 0 1 0 0 0 1 1 0 1 0 1 0 0 0 0 0 0 5 1 0 0 0 0 0 0 0 0 0 0 0 0 1 0 0 0 0 0 0 0 0 1 0 0 0 1 0 1 0 0 0 0 0 1 0 0 0 0 0 0 0 0 0 5 0 0 1 0 1 2 5 0 0 1 0 0 0 0 0 0 0 1 0 0 0 0 0 0 0 0 0 0 0 0 0 0 0 0
0 0 0 6 0 0 0 0 2 1 0 0 0 1 0 0 0 0 0 0 0 3 0 0 0 0 0 0 0 2 0 0 1 0 0 0 0 0 0 0 0 0 0 0 0 0 0 0 0 0 0 0 1 1 0 0 5 0 0 0 0 2 1 0 0 0 0 0 0 1 1 0 0 2 0 0 3 0 1 0 0 0 0 0 31 0 0 0 0 0 0 0 0 0 0 0 0 0 0 0 0
0 1 0 3 0 0 0 0 1 0 0 0 1 0 0 0 0 0 1 0 0 2 2 0 0 0 0 0 0 0 0 0 0 0 0 1 0 1 0 0 0 0 0 0 0 0 0 0 0 0 0 0 0 0 0 1 2 0 0 1 0 0 0 0 0 0 1 0 0 0 0 1 0 0 1 1 0 0 0 0 0 0 0 0 29 0 0 0 0 0 0 0 0 0 0 0 0 0 0 0 0
0 2 0 5 0 2 0 1 5 0 0 2 0 2 3 2 0 0 0 1 0 5 1 0 0 0 0 1 0 0 1 1 0 0 0 0 0 0 1 2 0 1 1 0 2 0 0 0 0 1 0 0 1 0 0 2 21 0 0 4 0 2 1 0 0 0 10 0 0 0 3 0 1 0 0 0 2 0 6 0 0 0 0 0 67 0 0 0 0 0 0 0 0 0 0 0 0 0 0 0 0
0 2 1 15 0 4 1 2 6 2 1 3 2 0 0 3 0 0 1 3 0 7 3 0 1 1 0 2 2 3 1 3 1 0 3 3 0 1 0 1 0 2 2 2 2 1 1 0 0 3 1 1 2 1 1 0 59 1 0 1 0 3 3 0 1 0 7 0 0 2 7 0 3 1 4 2 2 0 4 2 0 0 0 0 80 0 0 0 0 0 0 0 0 0 0 0 0 0 0 0 0
0 4 0 12 0 1 0 1 9 0 1 0 0 1 1 0 0 1 0 0 0 4 2 0 1 0 0 1 2 0 0 0 0 0 0 0 0 0 4 0 0 0 1 0 0 0 0 0 1 1 1 1 3 1 1 1 33 0 0 2 0 2 0 1 0 147 7 0 0 1 0 0 1 5 2 1 2 0 1 0 0 0 0 0 64 0 0 0 0 0 0 0 0 0 0 0 0 0 0 0 0
0 1 0 11 0 34 0 0 1 0 0 2 2 1 4 0 0 1 1 1 0 8 1 0 1 0 0 0 1 0 1 0 2 0 0 0 1 1 2 0 0 1 6 1 1 2 0 0 0 4 3 1 0 0 0 3 31 0 0 2 0 1 1 1 2 251 9 0 0 6 3 0 1 2 4 2 3 0 2 1 0 0 0 0 43 0 0 0 0 0 0 0 0 0 0 0 0 0 0 0 0
0 5 0 6 0 39 0 2 1 1 1 6 1 2 2 0 0 0 0 1 0 4 2 0 0 0 0 1 1 0 1 0 1 0 0 1 1 1 3 1 0 1 2 0 0 2 0 0 2 0 0 1 1 3 1 2 31 1 0 7 0 3 2 0 0 163 1 0 0 7 9 1 3 3 3 1 3 0 2 0 0 0 0 0 17 0 0 0 0 0 0 0 0 0 0 0 0 0 0 0 0
0 1 0 6 0 32 0 0 2 1 0 1 1 1 2 1 0 0 0 1 0 1 3 0 0 1 0 2 0 1 0 2 0 0 0 0 0 0 0 1 0 1 0 0 2 4 0 0 0 3 3 0 1 0 0 5 16 2 0 2 0 0 1 1 0 81 2 0 0 1 2 1 0 7 2 1 5 0 1 2 0 0 0 0 11 0 0 0 0 0 0 0 0 0 0 0 0 0 0 0 0
0 2 2 12 0 41 1 4 1 1 0 0 0 2 2 0 0 0 1 0 0 7 1 0 0 0 0 1 3 0 0 0 3 0 1 3 0 0 2 0 0 1 0 0 0 5 1 0 0 2 0 0 4 0 0 4 22 0 0 2 0 2 2 0 0 56 5 0 0 1 1 1 2 4 3 2 0 0 3 0 0 0 0 0 16 0 0 0 0 0 0 0 0 0 0 0 0 0 0 0 0
0 1 1 5 0 25 0 1 5 0 0 1 3 4 0 2 0 0 1 0 0 6 11 0 0 0 0 1 0 0 3 0 0 0 1 1 0 0 2 0 0 0 1 1 0 4 0 0 0 0 1 1 2 1 0 4 13 0 0 1 0 3 3 0 0 16 3 0 0 1 8 0 4 3 1 1 6 0 2 2 0 0 0 0 12 0 0 0 0 0 0 0 0 0 0 0 0 0 0 0 0
0 3 1 5 0 22 3 0 1 0 0 0 0 1 2 1 0 1 1 0 0 10 1 0 0 0 0 0 1 2 3 0 1 0 0 0 0 1 2 0 0 2 2 0 0 4 1 0 0 1 1 0 2 0 0 3 6 1 0 3 0 1 0 0 1 17 2 0 0 2 1 1 2 3 3 2 3 0 3 7 0 0 1 0 14 0 0 0 0 0 0 0 0 0 0 0 0 0 0 0 0
0 2 2 4 0 24 0 1 4 0 0 0 0 0 2 0 0 0 0 0 0 12 0 0 0 0 0 0 0 1 0 0 2 0 0 0 0 0 4 0 0 0 4 0 0 6 0 0 0 0 1 0 0 1 3 7 6 0 0 0 0 1 1 1 1 15 1 636 0 2 7 1 4 3 3 1 3 0 2 16 0 0 4 0 16 0 0 0 0 0 0 0 0 0 0 0 0 0 0 0 0
0 1 3 7 0 27 0 1 6 2 0 2 0 1 1 0 0 1 0 1 0 28 1 0 0 0 0 2 2 0 0 2 1 155 0 1 0 0 1 1 0 2 1 1 1 20 0 0 0 3 1 0 0 0 3 3 15 1 0 2 0 3 3 0 0 21 9 308 0 5 9 1 1 6 3 1 4 0 4 47 0 0 64 0 105 0 0 0 0 0 0 0 0 0 0 0 0 0 0 0 0
0 2 1 9 0 26 1 2 7 2 0 1 2 3 4 0 0 2 1 1 0 9 1 0 2 1 0 1 1 0 0 3 0 101 0 4 1 1 1 0 0 1 1 0 1 27 0 0 1 1 1 1 2 3 0 5 36 0 0 5 0 6 4 3 1 33 3 181 0 9 5 0 4 19 6 1 1 0 7 65 0 0 96 0 132 0 0 0 0 0 0 0 0 0 0 0 0 0 0 0 0
0 6 2 4 0 22 2 2 5 2 0 5 1 2 3 1 0 0 3 2 0 20 5 0 0 1 0 2 2 1 1 0 2 275 0 3 1 2 1 4 0 1 6 1 1 31 0 0 2 3 1 2 3 1 3 7 19 1 0 4 0 1 2 1 3 18 2 71 0 1 10 1 5 20 4 4 4 0 0 37 0 0 116 0 103 0 0 0 0 0 0 0 0 0 0 0 0 0 0 0 0
0 3 0 3 0 10 1 1 10 2 0 3 2 0 2 0 0 0 0 3 0 25 1 0 3 0 0 1 1 0 0 1 1 237 0 0 0 0 2 3 0 3 2 0 1 40 1 0 0 1 0 0 0 3 0 2 15 0 0 2 0 3 2 0 0 19 1 42 0 2 6 0 3 4 1 1 3 0 4 68 0 0 137 0 87 0 0 0 0 0 0 0 0 0 0 0 0 0 0 0 0
0 4 0 5 0 21 2 3 8 2 1 2 1 1 2 0 0 0 0 0 0 13 2 0 0 0 0 0 0 1 0 2 2 238 0 0 0 0 2 0 0 0 6 0 0 44 0 0 0 1 2 1 1 0 1 7 16 0 0 5 0 2 2 0 2 51 3 23 0 5 3 1 1 7 1 1 1 0 3 66 0 0 97 0 75 0 0 0 0 0 0 0 0 0 0 0 0 0 0 0 0
0 4 1 1 0 9 2 1 9 1 0 4 1 0 0 1 0 0 0 0 0 12 2 0 1 0 0 1 1 1 1 1 2 116 0 5 1 0 3 1 0 0 5 1 2 64 0 0 0 2 1 0 2 0 2 8 11 1 0 1 0 1 4 2 0 27 3 17 0 9 4 2 1 6 0 3 12 0 1 50 0 0 60 0 30 0 0 0 0 0 0 0 0 0 0 0 0 0 0 0 0
0 3 1 7 0 5 2 1 0 0 0 0 1 0 2 0 0 0 0 2 0 9 8 0 0 0 0 3 1 1 1 1 2 110 0 2 1 0 3 1 0 0 5 0 0 89 0 0 0 0 0 2 1 0 0 2 11 0 0 2 0 1 0 1 0 17 2 11 0 5 2 2 2 8 2 1 9 0 4 34 0 0 48 0 40 0 0 0 0 0 0 0 0 0 0 0 0 0 0 0 0
0 1 2 3 0 9 0 3 2 0 0 1 1 2 3 0 0 0 1 0 0 9 6 0 2 0 342 1 0 1 0 1 0 82 0 1 0 0 2 1 0 1 1 0 1 90 0 0 0 2 0 0 0 0 4 3 7 2 0 2 0 3 1 1 0 16 2 6 0 1 3 0 1 0 2 1 2 0 1 33 0 0 33 0 39 0 0 0 0 0 0 0 0 0 0 0 0 0 0 0 0
0 1 0 3 0 2 1 2 6 1 0 1 1 2 1 0 0 1 0 1 0 6 2 0 0 0 293 5 0 0 0 0 1 40 1 0 0 0 1 0 0 1 2 0 0 88 1 0 0 0 0 1 4 0 1 2 9 2 0 1 0 1 1 0 0 21 1 2 0 0 4 0 2 3 1 1 3 0 1 127 0 0 13 0 30 0 0 0 0 0 0 0 0 0 0 0 0 0 0 0 0
0 2 1 2 0 9 0 1 6 1 0 1 0 3 0 1 0 0 0 0 0 14 1 0 0 0 132 0 0 1 0 0 0 45 0 3 0 2 0 1 0 0 1 1 0 91 0 0 0 0 1 0 0 0 0 1 7 0 0 2 0 1 1 0 1 18 0 5 0 6 6 1 0 7 0 0 2 0 2 142 0 0 26 0 32 0 0 0 0 0 0 0 0 0 0 0 0 0 0 0 0
0 0 1 2 0 3 1 3 0 0 0 6 1 0 0 0 0 0 0 2 0 18 2 0 0 1 60 1 1 0 1 1 1 33 0 1 0 1 2 1 0 0 1 0 0 128 1 0 0 0 3 0 1 0 0 1 4 0 0 3 0 2 2 0 3 15 3 2 0 4 2 1 4 3 1 0 2 0 2 113 0 0 32 0 17 0 0 0 0 0 0 0 0 0 0 0 0 0 0 0 0
0 2 0 2 0 5 1 1 5 2 1 0 1 0 1 0 0 0 3 0 0 16 1 0 0 0 57 2 1 0 0 1 0 16 0 0 0 1 0 1 0 5 0 1 1 47 0 0 0 1 1 1 3 0 2 2 6 0 0 0 0 1 2 0 6 11 5 5 0 2 1 1 1 3 1 2 3 0 0 48 0 0 95 0 14 0 0 0 0 0 0 0 0 0 0 0 0 0 0 0 0
0 3 0 1 0 2 3 1 3 0 0 0 2 0 2 1 0 2 1 0 0 10 1 0 0 0 27 1 2 2 0 0 1 16 0 1 0 1 1 0 0 2 0 0 1 28 0 0 0 1 2 1 1 1 0 5 4 0 0 2 0 3 0 1 0 9 4 1 0 0 2 1 2 2 1 0 2 5 4 34 0 0 52 0 9 0 0 0 0 0 0 0 0 0 0 0 0 0 0 0 0
0 1 1 2 0 7 6 2 0 1 1 3 1 0 3 0 0 0 0 1 0 12 1 0 0 0 81 1 1 1 1 0 0 41 1 0 0 0 1 1 0 1 1 0 1 24 1 0 0 4 1 0 1 0 1 2 7 1 0 1 0 0 0 1 1 13 0 28 0 1 5 0 2 4 5 0 1 620 3 26 0 0 34 0 8 0 0 0 0 0 0 0 0 0 0 0 0 0 0 0 0
0 2 0 5 0 3 4 5 7 0 0 5 3 1 0 0 0 0 0 1 0 7 1 0 0 0 70 1 0 0 0 0 1 16 0 2 0 0 1 0 0 2 3 0 0 20 0 0 1 0 0 0 2 0 2 4 10 0 0 1 0 2 2 1 0 9 3 15 0 2 4 0 1 2 2 2 2 261 4 18 0 0 32 0 11 0 0 1 0 0 0 0 0 0 0 0 0 0 0 0 0
0 6 1 3 0 4 2 3 3 0 1 3 1 1 1 0 0 0 0 2 0 5 1 0 0 0 42 1 1 0 0 1 1 30 1 1 0 1 2 1 0 1 4 2 1 9 0 0 0 0 2 0 0 0 1 4 4 0 0 1 0 1 1 1 0 3 1 9 0 2 3 2 2 4 3 2 2 106 1 12 0 0 29 0 7 0 0 0 0 0 0 0 0 0 0 0 0 0 0 0 0
0 0 0 2 0 4 1 1 1 1 0 2 2 0 0 0 0 0 0 0 0 7 1 0 0 1 30 1 0 0 2 0 1 46 1 2 1 0 1 0 0 2 2 0 1 14 0 0 0 0 1 1 1 0 1 2 4 1 0 0 0 1 2 2 1 3 2 14 0 1 2 2 1 1 1 1 1 53 4 6 0 0 9 2 8 0 0 0 0 0 0 0 0 0 0 0 0 0 0 0 0
0 1 1 1 0 2 1 1 3 2 1 0 1 1 1 0 0 0 1 1 0 4 2 0 0 0 12 0 1 1 1 1 0 22 1 1 1 0 1 1 0 1 2 1 1 17 0 0 0 3 1 1 0 0 2 7 4 1 0 0 0 2 2 0 1 3 1 2 0 1 0 1 1 1 2 2 1 17 3 11 0 0 12 2 6 0 0 0 0 0 0 0 0 0 0 0 0 0 0 0 0
0 3 0 0 0 2 2 3 3 0 0 1 1 1 0 0 0 0 2 0 0 2 1 0 0 1 151 2 0 1 0 0 2 28 0 1 0 0 5 1 0 3 2 0 4 12 0 0 0 0 0 3 1 0 0 1 1 0 0 1 0 2 0 0 1 6 4 11 0 0 2 0 1 2 1 1 1 26 0 7 0 0 12 206 3 0 0 0 0 0 0 0 0 0 0 0 0 0 0 0 0
0 6 0 6 0 9 0 2 1 0 0 2 1 2 1 0 0 1 0 1 0 9 1 0 1 0 73 1 1 0 2 0 1 18 0 1 1 1 0 0 0 7 2 0 0 15 0 0 0 0 0 0 1 2 2 1 4 1 0 1 0 5 3 0 1 1 6 7 0 2 0 0 0 0 1 1 1 23 0 8 0 0 15 393 5 0 0 0 0 0 0 0 0 0 0 0 0 0 0 0 0
0 1 0 2 0 2 0 0 2 0 0 1 1 1 0 1 0 0 0 1 0 2 1 0 0 0 47 2 0 0 1 0 1 12 0 3 0 1 4 1 0 8 1 0 0 8 0 0 0 0 2 0 2 0 0 2 1 0 0 1 0 2 0 0 0 1 0 5 0 2 3 0 0 1 0 0 2 10 1 10 0 0 10 208 1 0 0 0 0 0 0 0 0 0 0 0 0 0 0 0 0
0 3 0 1 0 6 0 1 2 0 1 2 0 1 0 0 0 0 2 0 0 1 1 0 0 0 32 0 0 0 0 1 0 14 0 1 0 0 0 1 0 2 1 2 4 5 0 0 0 0 1 1 2 1 1 4 2 0 0 1 0 2 3 0 1 3 1 3 0 0 3 2 2 2 0 0 2 3 0 9 0 0 11 78 4 0 0 0 0 0 0 0 0 0 0 0 0 0 0 0 0
0 3 1 2 0 4 1 2 2 0 0 0 1 0 0 0 0 0 0 0 0 2 0 0 1 1 23 0 1 0 0 1 1 17 0 0 2 0 0 0 0 4 3 0 3 13 0 0 0 0 2 0 2 0 4 3 3 1 0 1 0 3 3 2 1 2 1 3 0 1 1 0 1 0 2 0 1 7 0 4 0 0 10 31 4 0 0 0 0 0 0 0 0 0 0 0 0 0 0 0 0
0 3 0 2 0 2 0 0 2 3 1 0 0 0 1 0 0 0 0 1 0 1 1 0 1 1 23 0 1 0 0 0 2 10 0 4 0 0 2 0 0 3 3 0 5 7 0 0 0 0 1 3 3 0 0 0 4 1 0 1 0 0 0 0 2 1 1 8 0 1 3 1 0 2 1 1 4 10 1 9 0 0 9 31 5 0 0 0 0 0 0 0 0 0 0 0 0 0 0 0 0
0 0 0 0 0 3 0 0 2 1 0 0 0 0 0 0 0 0 0 1 0 3 2 0 0 0 23 0 2 2 0 0 1 9 1 2 1 0 1 0 0 3 0 0 1 9 0 0 0 0 0 0 0 0 1 2 2 1 0 0 0 2 0 1 0 1 2 3 0 1 0 0 0 0 2 2 1 3 0 3 0 0 3 11 4 0 0 0 0 0 0 0 0 0 0 0 0 0 0 0 0
0 0 0 3 0 1 1 1 2 0 0 1 0 1 2 0 0 0 0 0 0 2 1 0 1 1 18 0 4 0 2 0 0 4 0 6 0 0 1 0 0 0 1 0 0 5 0 0 1 1 1 0 0 1 2 0 5 0 0 0 0 1 0 0 2 2 1 2 0 0 1 0 1 0 2 1 2 3 0 2 0 0 3 6 3 0 0 0 0 0 0 0 0 0 0 0 0 0 0 0 0
0 1 1 1 0 3 0 3 2 1 0 1 0 2 1 0 0 0 0 0 0 0 1 0 2 1 9 0 3 0 1 1 0 11 0 2 0 0 0 0 0 0 1 0 0 8 0 0 0 1 0 0 0 0 1 0 2 1 0 1 0 1 1 0 0 0 0 1 0 0 1 3 0 2 0 0 0 5 0 3 0 0 8 6 4 0 0 0 0 0 0 0 0 0 0 0 0 0 0 0 0
0 2 0 0 0 2 0 0 1 0 0 2 0 0 1 0 0 0 0 1 0 2 3 0 0 1 11 1 2 0 0 0 1 4 0 4 0 0 1 0 0 0 2 0 1 4 0 0 1 0 2 0 0 0 0 0 4 0 0 1 0 2 1 0 0 0 1 1 0 1 2 2 0 1 0 0 1 42 1 9 0 0 4 3 1 0 0 0 0 0 0 0 0 0 0 0 0 0 0 0 0
0 2 0 1 0 3 1 3 2 0 1 0 2 1 0 2 0 1 1 1 0 2 0 0 0 0 19 0 3 0 0 0 0 7 0 3 1 1 0 1 0 1 1 0 1 4 0 0 0 1 2 0 4 0 2 2 1 0 0 3 0 3 1 2 1 2 0 1 0 0 3 1 1 1 0 1 1 68 1 9 0 0 6 6 4 0 0 0 0 0 0 0 0 0 0 0 0 0 0 0 0
0 5 0 3 0 4 1 1 4 0 1 1 1 1 0 0 0 0 0 3 0 2 1 0 0 0 13 1 3 0 0 0 0 13 0 2 1 0 0 1 0 0 1 0 0 3 0 0 0 2 0 0 1 0 2 3 3 0 0 0 0 3 2 1 0 1 0 2 0 1 6 2 0 0 5 0 2 50 3 8 0 0 9 4 4 0 0 0 0 0 0 0 0 0 0 0 0 0 0 0 0
0 7 0 0 0 3 0 1 2 0 1 2 1 2 0 1 0 0 0 0 0 3 2 0 1 0 10 4 2 0 0 0 1 4 0 5 0 1 1 0 0 0 2 0 0 7 0 0 0 0 0 0 0 0 1 3 4 0 0 0 0 1 2 3 1 1 0 0 0 3 4 1 0 4 1 0 2 34 0 2 0 0 7 5 4 0 0 0 0 0 0 0 0 0 0 0 0 0 0 0 0
0 4 0 2 0 1 0 1 6 0 0 0 0 0 0 0 0 0 0 1 0 4 5 0 3 0 6 0 3 0 0 0 2 4 0 0 0 0 0 0 0 1 2 0 0 6 0 0 1 0 0 0 0 0 0 5 6 0 0 1 0 1 1 0 1 1 0 1 0 0 1 0 1 1 3 0 2 25 0 8 0 0 8 2 5 0 0 0 0 0 0 0 0 0 0 0 0 0 0 0 0
0 6 0 1 0 3 0 3 2 0 0 0 1 1 1 1 0 1 1 1 461 5 0 0 1 0 9 0 2 1 0 1 0 4 0 4 0 0 1 1 0 2 2 1 0 6 0 0 1 0 0 2 2 0 0 4 1 0 0 1 0 2 1 0 0 0 0 2 0 2 4 0 0 1 0 1 4 30 4 5 0 0 7 0 4 0 0 0 0 0 0 0 0 0 0 0 0 0 0 0 0
0 6 0 2 0 2 1 2 6 4 1 2 0 1 1 2 0 0 1 2 240 2 3 0 0 0 8 0 2 0 0 2 0 8 0 4 0 0 0 0 0 0 1 0 0 5 1 0 0 0 0 1 1 0 2 3 4 2 0 1 0 0 1 0 0 2 1 1 0 0 2 1 1 3 2 0 0 18 1 8 0 0 3 6 5 0 0 0 0 0 0 0 0 0 0 0 0 0 0 0 0
0 2 0 1 0 0 1 0 4 1 0 1 1 2 1 1 0 1 1 0 123 5 1 0 1 1 3 0 3 0 1 0 2 3 0 2 0 0 0 0 0 0 1 0 2 4 0 0 0 1 1 0 0 0 0 4 0 0 0 3 0 3 2 0 1 2 2 2 0 1 6 3 0 1 1 1 3 12 3 1 0 0 4 5 18 0 0 0 0 0 0 0 0 0 0 0 0 0 0 0 0
0 4 0 1 0 1 4 1 1 0 0 1 1 2 1 2 0 1 1 0 56 3 3 0 1 0 4 1 3 0 1 0 0 8 0 11 0 1 1 1 0 0 0 2 0 4 0 0 1 0 0 1 1 1 0 2 1 2 0 1 0 1 5 1 0 0 2 2 0 1 3 0 1 2 0 2 0 11 2 6 0 0 8 7 4 0 0 0 0 0 0 0 0 0 0 0 0 0 0 0 0
0 4 1 1 0 6 2 3 5 3 0 1 2 6 0 0 0 1 1 1 36 3 1 0 0 0 5 1 3 0 0 0 0 10 0 1 0 0 0 1 0 6 1 0 2 3 1 0 0 0 0 2 2 0 1 1 2 0 0 1 0 4 3 0 0 2 5 2 0 0 0 1 2 1 3 0 1 13 2 3 0 0 3 89 6 0 0 0 0 0 0 0 0 0 0 0 0 0 0 0 0
0 3 0 0 0 1 0 0 4 0 0 2 2 0 1 0 0 0 2 2 36 2 1 0 0 0 2 1 3 1 0 2 3 3 2 6 0 0 1 0 0 1 2 0 0 4 0 0 1 0 0 1 1 0 0 0 1 0 0 1 0 1 1 0 1 0 3 2 1 0 3 0 4 1 1 0 1 4 2 8 124 0 5 30 1 0 0 0 0 0 0 0 0 0 0 0 0 0 0 0 0
0 7 0 0 0 1 1 2 7 1 0 1 3 1 0 0 0 0 1 0 18 6 1 0 0 0 5 4 2 0 0 1 2 6 0 1 0 0 4 1 0 0 2 0 0 4 0 0 0 0 1 0 0 1 1 3 0 1 0 0 0 3 1 0 0 1 1 2 0 1 5 1 1 0 3 1 4 4 2 3 130 0 5 27 2 0 0 0 0 0 0 0 0 0 0 0 0 0 0 0 0
0 1 0 2 0 1 1 2 2 1 1 0 2 1 0 0 0 0 2 1 10 2 1 0 0 1 6 1 1 0 1 0 1 5 1 2 1 1 0 1 0 1 1 0 1 6 0 0 0 0 0 2 1 0 0 0 1 0 0 0 1 1 1 0 0 1 0 1 0 2 6 0 0 0 1 0 1 3 0 3 64 0 2 14 1 1 0 0 0 0 0 0 0 0 0 0 0 0 0 0 0
0 3 0 0 0 0 0 1 1 3 0 0 0 0 0 0 0 0 0 0 3 0 1 0 0 0 4 0 4 0 0 1 0 2 0 2 0 0 1 0 0 0 0 0 0 4 0 0 0 0 1 1 0 0 0 3 1 1 0 1 0 1 1 0 1 0 0 0 0 2 2 0 2 0 0 2 3 2 3 4 36 0 3 4 1 0 0 0 0 0 0 0 0 0 0 0 0 0 0 0 0
0 0 0 0 0 1 1 0 3 0 0 0 2 0 2 0 0 0 2 0 17 0 0 0 0 0 2 0 3 1 0 0 2 3 1 5 0 1 2 0 0 1 0 0 0 3 0 0 0 0 0 0 0 0 0 3 3 0 1 0 0 6 1 1 0 1 1 1 0 0 1 0 2 2 1 1 3 5 2 3 18 0 4 6 3 1 0 0 0 0 0 0 0 0 0 0 0 0 0 0 0
0 1 0 2 0 3 0 1 0 1 0 1 1 2 4 2 0 0 0 0 30 1 0 0 0 0 4 1 1 1 1 1 2 0 0 3 0 1 0 0 0 1 0 0 0 6 0 0 0 0 0 0 0 1 0 0 0 1 0 0 0 1 1 0 0 1 1 1 2 0 3 0 1 2 0 0 1 4 0 2 12 0 2 3 2 0 0 0 0 0 0 0 0 0 0 0 0 0 0 0 0
0 2 0 1 0 0 1 0 2 0 0 1 1 3 0 0 0 1 0 1 16 0 2 0 0 0 3 0 3 0 0 1 0 1 0 0 0 0 0 1 0 0 1 0 0 4 0 0 0 0 0 0 1 1 1 1 0 0 0 0 0 0 1 0 0 2 0 1 0 0 1 0 0 1 0 0 3 1 0 1 8 0 2 3 1 0 0 0 0 0 0 0 0 0 0 0 0 0 0 0 0
0 3 0 1 0 0 1 0 0 0 0 1 0 1 0 0 121 0 0 0 18 2 0 0 0 0 5 1 0 0 0 1 0 3 0 1 0 0 1 0 0 0 3 0 1 2 1 0 0 0 0 0 1 1 0 0 2 0 1 0 0 0 2 1 0 1 1 0 0 0 2 1 0 1 1 1 0 1 1 2 3 0 1 1 2 0 0 0 0 0 0 0 0 0 0 0 0 0 0 0 0
0 5 0 0 0 2 0 3 3 0 0 0 1 1 1 0 243 0 0 0 10 0 2 0 0 1 2 1 2 0 0 1 0 1 0 4 0 1 1 1 0 0 1 0 0 1 0 0 0 0 0 0 0 0 0 1 0 0 14 2 0 1 2 0 1 0 2 2 0 1 0 1 0 2 1 0 0 0 1 3 2 0 1 4 1 0 0 0 0 0 0 0 0 0 0 0 0 0 0 0 0
0 3 0 0 0 2 0 2 2 0 0 2 0 2 1 1 159 0 0 0 10 2 1 0 0 0 1 0 1 0 1 0 1 6 0 0 0 1 0 0 0 0 0 0 0 3 0 0 1 0 1 0 1 0 1 2 2 0 91 0 0 3 2 0 0 1 0 0 106 1 2 0 1 1 0 0 0 2 0 1 11 0 3 2 3 0 0 0 0 0 0 0 0 0 0 0 0 0 0 0 0
0 4 0 1 0 2 0 0 3 0 0 3 2 2 0 1 69 0 1 1 52 0 5 0 0 1 4 0 0 0 0 0 1 1 0 3 0 0 0 1 0 0 3 0 1 2 0 0 0 0 1 0 0 0 0 2 2 0 42 1 0 1 0 0 0 1 0 2 83 0 1 1 0 0 1 0 4 2 2 3 26 0 2 4 1 0 0 0 0 0 0 0 0 0 0 0 0 0 0 0 0
0 1 0 1 0 0 1 1 1 1 1 0 3 0 0 0 43 0 1 0 23 0 0 0 0 0 1 0 0 0 0 1 0 1 1 1 0 0 1 1 0 2 1 0 0 2 0 0 0 0 1 2 2 0 0 2 1 0 35 0 0 1 0 1 0 1 0 1 108 1 2 0 2 0 0 0 2 2 2 3 12 0 3 2 3 0 0 0 0 0 0 0 0 0 0 0 0 0 0 0 0
0 1 0 1 0 1 1 0 0 1 0 1 1 0 0 0 19 0 2 1 61 2 0 0 0 0 2 2 0 0 0 0 0 1 0 0 1 0 1 0 0 0 1 1 0 6 0 0 0 0 0 0 1 0 0 2 1 0 23 0 0 2 0 0 0 0 3 1 73 0 3 4 1 4 1 0 1 6 1 3 46 0 1 0 2 0 0 1 0 0 0 0 0 0 0 0 0 0 0 0 0
0 1 0 0 0 0 1 0 0 0 0 1 3 1 0 0 17 0 0 0 33 0 1 0 0 0 2 0 0 0 0 1 0 3 0 1 0 0 1 0 0 0 2 0 0 3 1 0 1 2 0 0 4 0 0 2 1 0 15 0 0 1 1 0 0 0 0 1 51 0 3 1 2 2 2 0 2 2 1 4 113 0 2 3 0 2 0 2 0 0 0 0 0 0 0 0 0 0 0 0 0
0 1 0 0 0 1 1 1 4 0 0 1 0 0 1 0 11 0 0 2 14 1 2 0 1 0 2 0 0 1 0 0 2 2 0 0 0 0 2 1 0 1 3 1 1 1 0 0 0 0 2 0 1 0 0 1 0 0 11 2 0 3 0 1 0 0 0 2 32 1 2 1 1 0 0 0 2 2 1 0 56 0 2 2 3 12 0 8 0 0 0 0 0 0 0 0 0 0 0 0 0
0 0 0 0 0 0 1 1 3 0 0 0 0 0 0 0 7 1 2 0 38 0 3 0 0 1 1 1 2 0 0 0 0 0 0 0 0 1 2 0 0 0 4 0 0 3 0 0 0 0 0 0 2 1 0 2 1 0 14 0 0 1 0 2 0 1 1 4 16 1 1 4 1 1 1 1 4 2 2 3 37 0 8 1 1 16 0 8 0 0 0 0 0 0 0 0 0 0 0 0 0
0 2 0 1 0 1 1 3 4 2 0 0 2 1 1 3 5 1 1 1 29 3 2 0 1 0 6 0 4 2 1 2 0 4 0 0 0 0 2 1 0 1 1 0 1 4 0 0 0 1 0 0 0 1 0 4 2 0 14 0 0 4 2 1 0 2 2 3 6 0 8 1 0 0 4 0 3 4 1 3 34 0 2 2 4 107 0 9 0 0 0 0 0 0 0 0 0 0 0 0 0
0 2 0 0 0 1 0 1 5 1 1 2 1 1 0 0 2 0 1 0 17 2 1 0 1 0 9 0 1 0 0 3 1 4 2 0 1 1 3 2 0 1 2 2 2 3 0 0 0 1 1 0 2 0 3 4 0 0 8 0 0 1 0 0 0 1 0 3 19 2 2 0 1 2 1 1 6 5 2 4 23 0 2 7 2 81 0 9 0 0 0 0 0 0 0 0 0 0 0 0 0
0 5 0 0 0 0 0 2 4 1 0 1 0 1 0 0 2 0 0 0 20 1 2 0 0 0 8 0 1 0 0 1 0 1 1 2 0 0 4 1 0 0 1 0 1 1 1 0 0 0 3 0 2 1 0 6 5 0 4 0 0 2 1 0 1 2 0 2 19 2 0 0 0 2 1 0 2 6 0 2 19 0 1 4 3 124 0 11 0 0 1 0 0 0 0 0 0 0 0 0 0
0 3 0 0 0 3 0 1 2 0 0 3 0 1 0 0 3 0 0 1 12 1 4 0 0 0 2 0 0 0 0 1 2 2 0 1 1 0 0 0 0 1 2 0 0 0 0 0 0 0 0 1 0 1 0 1 1 0 46 1 0 2 1 0 0 0 2 0 70 1 1 1 0 1 4 2 4 4 1 2 20 0 3 5 2 175 0 21 0 0 46 0 0 0 0 0 0 0 0 0 0
0 1 1 0 0 2 0 2 5 0 0 1 0 2 2 0 23 0 0 1 6 1 0 0 0 0 0 1 0 0 0 1 0 4 0 0 0 1 1 0 0 0 2 1 0 3 1 0 0 0 0 2 1 0 0 2 1 0 79 1 0 0 0 0 1 0 0 1 58 2 3 0 2 0 0 0 1 4 4 3 14 0 5 5 1 150 0 88 0 0 47 0 0 0 0 0 0 0 0 0 0
0 1 1 0 0 1 1 1 2 0 0 3 1 2 0 0 20 0 0 1 10 1 1 0 0 0 2 0 0 0 0 1 2 2 0 0 0 0 1 1 0 0 2 0 0 2 0 0 0 0 0 0 0 0 1 3 0 2 62 0 0 4 3 0 0 0 0 1 204 2 2 0 2 1 4 1 10 1 1 5 16 0 2 3 3 104 0 42 0 0 120 0 0 0 0 0 0 0 0 0 0
0 4 0 0 0 1 0 0 2 0 0 0 1 3 0 0 13 1 0 0 2 0 1 0 0 1 3 0 0 0 0 1 0 2 0 1 0 0 2 2 0 0 2 0 0 3 0 0 0 0 0 0 1 1 0 2 2 0 262 0 0 2 0 0 1 0 0 1 132 0 2 1 3 0 2 0 12 1 1 5 18 0 2 4 2 57 0 194 0 0 62 0 0 0 0 0 0 0 0 0 0
0 2 1 1 0 1 0 0 1 1 0 0 4 1 2 2 89 0 1 0 7 1 2 0 0 0 2 1 0 0 0 0 0 0 0 0 0 0 0 0 0 1 0 0 0 3 1 0 1 0 0 1 0 0 2 1 3 0 220 0 0 2 0 0 0 0 1 2 90 1 4 1 0 1 1 1 10 1 4 2 5 1 3 1 2 36 0 139 0 0 62 0 0 0 0 0 0 0 0 0 0
0 2 2 0 0 1 0 1 6 0 0 1 3 0 0 0 58 0 0 0 5 2 2 0 0 4 4 1 0 0 0 0 0 1 0 0 0 1 1 0 0 0 0 1 3 3 0 0 0 1 0 0 2 0 3 2 0 1 168 1 0 1 0 0 0 0 0 2 107 2 3 1 1 2 0 1 6 6 1 2 9 2 2 3 1 71 0 135 0 0 42 0 0 28 0 0 0 0 0 0 0
0 1 0 0 0 0 0 1 3 0 0 0 1 2 0 1 49 1 0 1 7 1 3 0 0 1 8 3 0 0 0 2 0 1 0 0 0 0 2 0 0 0 0 0 0 2 0 0 0 1 1 0 1 0 1 1 1 0 85 1 0 0 1 0 0 1 0 0 68 3 5 3 0 0 3 0 9 4 2 6 8 369 2 1 0 42 0 82 0 0 25 0 0 31 0 0 0 0 0 0 0
0 3 0 1 0 5 0 1 1 0 0 0 1 0 0 0 33 0 0 1 1 2 1 0 0 4 5 2 2 1 1 1 1 1 0 0 0 0 1 1 0 1 1 0 4 4 0 0 1 0 0 0 1 0 2 1 0 0 49 0 0 1 2 0 2 0 1 1 26 4 3 2 0 0 1 0 8 3 1 6 6 229 2 1 1 23 0 31 0 0 11 0 0 18 0 0 0 0 0 0 0
0 5 0 0 0 0 1 1 3 0 2 0 2 0 1 0 29 1 0 1 6 0 0 0 0 1 1 1 0 0 0 2 0 1 1 0 0 1 2 0 0 0 0 1 0 2 1 0 0 0 1 0 1 0 0 0 0 1 36 0 0 0 0 0 0 1 0 0 24 0 1 2 0 0 1 0 7 1 2 0 3 103 0 0 3 7 0 27 0 0 7 0 0 22 0 0 0 0 0 0 0
0 2 0 0 0 1 2 0 2 0 0 0 1 1 1 0 22 0 1 0 4 0 1 0 0 1 3 1 0 1 0 1 0 2 0 0 0 0 1 0 0 1 1 1 0 2 0 0 0 0 0 0 1 0 0 2 0 0 20 1 0 0 0 0 0 0 2 0 23 2 3 1 0 4 0 1 6 4 1 2 6 36 1 4 2 10 0 18 0 0 35 0 0 21 0 0 0 0 0 0 0
0 3 0 0 0 0 0 0 4 0 0 1 1 1 0 0 9 0 0 3 2 0 0 0 0 0 0 0 1 0 0 2 2 2 0 0 0 0 1 2 0 0 1 0 1 2 0 0 0 0 1 0 1 0 1 0 0 1 23 0 0 1 0 0 0 0 2 3 27 0 0 0 2 1 1 1 1 0 0 2 4 43 4 1 3 4 0 17 0 0 37 0 0 64 0 0 0 0 0 0 0
0 3 0 0 0 0 1 1 2 1 0 1 0 2 0 0 8 0 0 0 3 1 1 0 0 2 1 0 0 0 0 1 0 1 1 1 0 0 0 1 0 1 0 1 0 3 1 0 0 0 0 2 0 0 0 2 0 0 19 0 0 1 0 0 0 0 0 0 14 0 0 2 2 0 0 0 4 0 2 5 3 19 2 1 0 7 0 20 0 0 127 0 0 52 0 0 0 0 0 0 0
0 1 0 0 0 0 0 0 1 0 0 1 1 1 0 0 7 1 0 0 0 2 3 0 0 1 4 0 0 0 0 1 1 2 0 2 0 0 0 3 0 0 0 1 0 2 1 0 1 0 0 2 3 0 2 2 2 1 23 1 0 0 6 1 0 0 1 2 9 1 0 0 0 0 1 0 1 0 1 2 4 36 2 4 0 120 0 4 0 0 60 0 0 26 0 0 0 0 0 0 0
0 4 0 1 0 1 0 0 0 0 1 0 1 1 0 0 6 0 2 1 7 2 3 0 0 2 2 2 2 0 1 0 0 3 0 0 0 1 1 1 0 3 1 1 2 1 3 0 0 0 1 1 3 0 0 0 0 0 7 0 0 0 1 0 0 0 0 1 6 0 2 1 0 1 2 0 2 0 0 1 6 22 1 1 1 61 0 9 0 0 54 0 0 32 0 0 0 0 0 0 0
0 2 0 1 0 2 1 0 1 0 1 2 1 0 0 0 5 0 0 1 3 2 0 0 0 1 3 1 1 0 0 2 0 2 0 1 0 0 0 1 0 1 1 0 0 1 0 0 0 0 0 0 5 0 0 1 0 0 11 0 0 0 0 0 0 0 1 1 2 1 2 1 0 0 1 0 0 1 2 2 9 19 1 1 0 17 0 6 0 0 30 0 0 48 0 0 0 0 0 0 0
0 0 0 0 0 1 2 3 0 0 0 0 0 0 0 1 5 0 0 0 2 0 5 0 0 0 0 0 4 0 0 0 1 3 0 1 0 3 0 0 0 0 0 0 0 2 0 0 1 0 1 1 4 0 1 1 0 0 9 1 0 2 0 0 1 0 0 0 11 1 2 1 2 1 3 0 1 1 0 0 11 8 2 1 1 23 0 4 0 0 23 0 0 28 0 0 0 0 0 0 0
0 1 0 0 0 2 0 0 2 0 0 0 0 0 1 0 3 0 0 0 1 1 2 0 0 0 1 0 1 0 0 1 1 1 0 1 0 0 3 0 0 1 2 0 0 1 0 0 0 0 1 1 4 0 1 0 0 0 9 0 0 2 0 0 0 1 0 1 14 2 3 0 1 0 3 0 1 2 2 0 6 13 1 1 2 14 0 3 0 0 24 0 0 93 0 0 0 0 0 0 0
0 0 0 0 0 0 0 0 4 0 0 1 0 1 1 0 4 0 0 2 10 0 3 0 0 0 2 0 0 0 0 0 1 1 1 0 1 0 1 1 0 0 0 1 0 0 2 0 0 0 2 2 2 0 0 2 0 1 7 0 0 1 2 0 0 0 0 1 7 1 1 0 1 1 1 1 0 0 0 3 1 39 1 2 0 24 0 8 0 0 15 0 0 75 0 0 0 0 0 0 0
0 0 0 0 0 1 0 0 0 1 0 0 0 1 0 0 1 0 0 0 5 1 0 0 0 0 0 2 0 1 0 1 0 3 0 0 0 0 1 1 0 0 1 0 0 1 0 0 1 0 0 0 2 0 1 5 2 0 8 0 0 1 1 1 0 0 0 2 6 0 0 0 0 0 3 0 4 0 1 0 4 98 2 0 0 14 0 9 0 0 22 0 0 54 0 0 0 0 0 0 0
0 4 0 1 179 1 0 1 1 2 0 0 0 0 0 0 5 1 0 0 4 0 1 0 2 0 2 1 0 1 0 0 0 2 0 1 0 1 1 0 0 0 1 0 4 4 0 0 0 0 0 0 1 0 0 1 1 1 8 0 0 0 1 0 0 2 1 0 3 1 0 0 0 0 0 0 5 4 0 1 4 44 1 1 0 9 0 6 0 0 13 0 0 34 0 0 0 0 0 0 0
0 1 0 1 121 1 0 1 1 1 1 0 0 0 0 1 5 0 1 0 2 0 4 0 0 0 0 0 0 0 0 0 0 3 0 0 0 0 1 0 0 0 1 0 0 0 0 0 0 0 1 0 1 1 0 0 0 0 10 0 0 1 0 1 0 0 1 0 5 0 0 1 0 1 2 0 6 0 0 0 2 28 1 0 0 6 0 5 0 0 15 0 0 25 0 0 0 0 0 0 0
0 1 0 0 64 0 2 1 2 1 0 0 0 1 0 1 5 0 0 0 0 3 1 0 0 0 0 0 0 0 0 2 0 1 0 0 1 0 1 0 0 1 2 0 2 1 0 0 0 0 1 0 0 1 1 0 0 1 5 1 0 0 0 0 0 2 0 3 2 0 3 0 1 0 0 2 3 0 1 1 0 23 1 4 0 7 5 6 0 0 12 0 0 27 0 0 0 0 0 0 0
0 0 0 1 52 3 1 0 0 0 0 1 0 1 1 1 2 0 0 1 7 1 4 0 0 0 1 1 1 0 1 1 0 2 0 1 0 1 1 0 0 0 1 0 1 0 0 0 0 0 0 2 2 0 3 1 0 1 5 1 0 0 1 0 0 0 1 1 4 0 1 0 4 1 2 3 5 0 0 4 1 16 0 1 0 5 3 7 0 0 10 0 0 24 0 0 0 0 0 0 0
0 3 0 1 88 2 0 0 4 1 1 1 1 0 2 0 7 0 1 0 0 1 1 0 1 1 1 2 3 1 1 2 0 1 1 1 0 2 6 0 0 1 2 0 0 0 0 0 0 0 0 1 1 0 1 2 0 1 12 1 1 0 2 2 0 1 2 0 4 1 0 2 1 0 2 0 6 1 0 1 1 26 1 2 1 8 85 1 0 0 12 0 0 16 0 0 0 0 0 0 0
0 1 0 1 86 0 0 0 0 1 0 1 0 1 1 0 5 0 0 1 1 1 1 0 0 0 0 0 1 0 0 0 0 0 0 0 1 0 1 0 0 1 1 0 0 1 0 0 1 0 0 1 0 0 2 2 0 7 11 0 294 3 2 1 0 1 0 0 2 0 2 1 0 0 1 0 3 4 3 2 4 19 3 3 3 8 47 5 0 0 17 0 0 16 0 0 0 0 0 0 0
0 2 0 0 46 0 1 2 1 0 1 2 1 0 2 0 7 1 0 0 3 3 1 0 0 1 0 1 1 1 0 0 0 0 0 1 0 1 2 1 0 0 1 1 1 2 0 0 0 0 0 1 1 1 0 2 1 16 3 2 159 0 3 2 1 2 1 0 5 1 1 1 3 1 2 1 0 2 0 2 1 12 2 1 3 7 40 5 0 0 11 8 0 19 0 0 0 0 0 0 0
0 6 0 0 22 1 2 1 2 1 1 1 0 0 1 0 7 1 1 0 0 1 2 0 1 0 0 2 1 1 1 2 0 1 0 1 0 0 6 1 0 1 1 0 0 1 0 0 0 0 1 1 3 0 0 3 2 5 11 0 70 1 0 0 1 0 0 0 6 0 2 0 0 3 1 0 3 1 0 0 3 16 2 1 3 6 107 4 0 0 9 188 0 17 0 0 0 0 0 0 0
0 3 2 1 18 0 0 0 3 0 0 0 0 0 1 0 6 2 3 0 1 0 2 0 0 1 1 1 1 0 0 0 0 0 0 0 0 0 1 1 0 2 0 0 0 3 0 0 1 0 0 2 0 0 0 5 0 8 6 0 46 1 0 0 0 0 0 1 5 0 0 1 2 0 1 0 2 1 0 1 4 11 1 2 0 7 83 2 0 0 10 348 0 15 0 0 0 0 0 0 0
0 2 0 1 21 1 1 1 7 1 1 0 3 1 1 0 5 0 1 2 1 2 3 0 0 0 0 2 0 1 0 1 0 1 0 0 0 1 3 0 0 2 0 0 0 0 1 0 2 0 0 1 3 0 1 1 0 3 6 1 29 1 0 1 1 0 2 1 4 0 1 0 1 1 0 2 3 1 1 0 3 13 1 1 1 6 61 3 0 0 2 178 0 18 0 0 0 0 0 0 0
0 3 0 1 7 1 0 0 3 0 0 1 0 1 0 0 3 0 0 2 3 1 1 0 0 0 4 0 1 0 0 0 0 4 0 1 0 0 2 1 0 2 1 0 0 1 0 0 0 0 0 0 3 1 1 3 0 1 8 0 14 0 3 0 0 0 1 0 8 1 1 3 0 1 2 0 1 0 0 1 5 5 4 1 0 4 43 5 0 0 9 79 0 10 0 0 0 0 0 0 0
0 0 2 0 8 1 0 3 2 0 0 0 1 0 0 0 3 1 0 1 4 2 2 0 0 0 2 1 1 0 0 1 1 2 0 1 0 1 2 0 0 0 0 0 0 4 0 0 0 0 0 0 0 0 1 1 0 1 6 0 16 1 1 0 0 1 0 0 4 2 0 1 1 0 2 1 1 0 1 4 3 7 1 1 1 4 23 3 0 0 5 56 0 8 0 0 0 0 0 0 0
0 4 0 1 6 0 0 2 4 0 0 1 2 0 2 0 0 1 1 1 5 1 5 0 0 0 1 1 0 0 0 3 0 4 0 0 1 0 3 0 0 0 1 0 0 1 0 0 1 0 0 0 1 0 3 2 0 0 6 0 6 1 1 0 0 0 0 1 3 1 3 1 2 0 0 1 3 1 0 1 2 6 0 2 2 7 27 4 0 0 7 43 0 13 0 0 0 0 0 0 0
0 3 0 0 46 0 1 0 7 0 0 0 0 1 0 0 2 1 1 2 3 1 2 0 1 0 1 0 1 1 1 0 0 0 0 2 0 1 1 2 0 0 1 0 0 1 0 0 1 0 1 1 2 0 0 3 0 1 4 0 4 1 1 0 0 1 2 0 6 0 1 0 1 0 2 0 1 2 0 2 4 3 5 0 2 4 15 3 0 0 2 27 0 9 0 0 0 0 0 0 0
0 1 1 0 89 4 2 2 3 0 0 0 1 4 2 0 2 0 2 2 3 0 2 215 0 0 3 1 1 0 0 0 1 1 1 0 1 2 2 2 0 3 1 0 0 2 0 0 0 0 0 2 6 0 0 1 2 2 6 0 3 1 0 0 0 0 3 0 3 0 0 1 2 2 1 1 1 0 0 3 5 5 4 1 2 5 16 4 0 0 6 24 0 12 0 0 0 0 0 0 0
0 2 0 0 59 2 0 4 2 0 0 1 1 2 0 0 2 1 0 1 1 2 0 190 0 0 0 2 0 0 0 0 0 0 0 0 0 0 1 0 0 1 1 0 0 0 1 0 0 1 0 1 1 0 0 1 0 1 3 0 3 2 2 0 1 0 1 0 5 0 3 0 2 2 1 1 3 2 1 1 4 3 0 1 0 9 195 2 0 0 4 14 0 5 0 0 0 0 0 0 0
0 2 0 0 35 0 1 0 1 0 1 1 1 1 2 0 1 1 0 0 1 1 4 105 1 1 0 2 2 0 0 0 0 0 0 0 0 0 1 1 0 0 3 0 0 2 0 0 0 1 0 0 0 0 1 1 1 0 8 0 4 0 1 0 0 0 0 0 4 1 4 2 0 8 2 0 1 1 0 1 7 10 0 1 2 5 92 3 0 0 9 5 0 5 0 0 0 0 0 0 0
0 0 0 0 17 0 0 0 1 0 0 3 0 1 0 0 0 0 0 0 2 0 0 45 0 1 0 2 0 2 0 0 0 1 0 0 0 1 1 0 0 2 2 1 0 1 0 0 0 0 1 0 0 0 1 0 0 0 1 0 65 1 1 0 0 0 1 1 4 1 0 0 3 1 1 2 0 1 0 0 2 7 0 3 0 3 89 1 0 0 1 3 3 2 0 0 0 0 0 0 0
0 0 0 0 8 0 0 0 0 0 0 0 0 0 0 0 0 0 0 1 0 1 0 24 0 0 1 0 0 0 0 0 0 1 0 0 0 0 0 0 0 0 0 0 0 0 0 0 0 0 0 1 0 0 0 0 0 0 1 1 43 0 0 0 0 0 0 0 2 0 2 0 0 3 0 0 1 0 0 0 0 1 1 0 1 0 29 0 0 0 2 2 1 2 0 0 0 0 0 0 0
0 1 0 1 13 0 1 1 2 0 0 0 1 1 0 0 3 0 1 0 0 0 2 16 0 1 0 0 0 1 0 0 0 2 0 1 0 0 1 0 0 0 0 0 1 1 1 0 0 0 2 0 0 0 0 3 1 2 2 0 26 0 0 0 0 0 0 2 1 1 0 1 1 3 0 0 0 1 4 1 3 4 2 4 0 3 25 1 0 0 3 2 0 2 0 0 0 0 0 0 0
0 1 0 0 12 1 0 0 3 1 0 1 0 0 0 0 0 1 0 3 1 0 4 13 0 0 0 0 0 0 0 0 0 1 0 0 0 0 3 0 0 1 1 0 2 0 0 0 0 0 1 0 1 0 0 1 0 2 4 0 27 1 2 0 0 0 0 1 3 0 1 0 0 1 1 1 0 1 2 3 2 2 1 1 0 3 33 3 0 0 3 1 0 5 0 0 0 0 0 0 0
0 1 0 0 9 0 0 3 1 0 0 0 0 0 1 0 1 0 0 0 0 1 0 13 0 0 2 2 0 0 0 0 1 1 0 0 0 0 0 0 0 0 1 0 0 1 0 0 0 0 0 1 1 0 0 0 0 0 1 1 15 2 1 0 1 0 0 1 4 0 1 2 0 1 1 1 1 0 1 3 1 0 0 1 0 4 20 2 0 0 4 0 0 5 0 0 0 0 0 0 0
0 0 0 0 6 0 0 0 0 1 1 1 0 0 0 0 2 0 0 0 0 2 3 25 0 0 1 1 1 0 0 0 1 0 1 0 0 0 1 1 0 1 0 0 0 0 0 0 0 0 0 2 1 1 0 2 2 1 1 0 10 2 1 0 0 1 0 1 2 2 1 0 1 3 0 0 1 0 0 3 1 2 1 1 2 2 14 2 0 0 8 4 0 6 0 0 0 0 0 0 0
0 0 0 0 14 1 1 0 2 1 0 1 0 1 0 0 3 0 0 0 0 1 2 11 0 0 0 0 1 0 0 0 1 2 0 0 0 1 3 0 0 1 2 0 0 0 0 0 1 1 1 0 1 0 0 1 0 1 2 1 13 1 0 0 0 0 3 1 3 1 1 2 0 0 0 2 2 0 0 0 5 2 5 0 2 4 13 2 0 0 1 0 0 5 0 0 0 0 0 0 0
0 1 0 0 12 0 2 0 5 0 0 0 0 1 0 1 1 0 0 0 1 0 0 4 0 0 0 0 1 0 0 1 0 2 0 0 0 0 1 0 0 0 0 0 0 3 0 0 0 0 0 2 0 0 3 0 0 0 4 0 10 0 0 0 0 0 0 1 0 0 4 1 1 0 1 0 0 3 0 0 4 3 1 0 0 2 12 3 0 0 4 2 1 1 0 0 0 0 0 0 0
0 5 0 0 8 0 0 0 2 0 1 0 1 0 0 1 1 0 0 1 0 0 0 5 0 0 0 0 1 0 0 1 0 1 0 0 0 0 0 0 0 0 2 0 0 0 0 0 0 0 0 0 0 0 0 1 0 1 2 0 9 2 1 0 0 1 0 0 0 1 1 0 0 0 0 0 2 0 0 2 1 4 0 1 0 7 12 1 0 0 2 0 9 1 0 0 0 0 0 0 0
0 2 0 0 3 0 1 1 1 0 0 0 0 2 0 0 4 2 0 2 1 1 1 1 0 0 1 0 0 0 0 1 0 1 1 0 0 0 2 0 0 0 0 0 0 1 0 0 0 0 0 0 2 0 0 1 0 1 1 0 6 1 1 0 0 0 1 0 1 0 0 0 0 2 2 1 1 0 0 1 0 4 1 1 0 2 7 1 0 0 1 0 2 5 0 0 0 0 0 0 0
0 0 0 1 5 0 3 0 1 0 1 0 0 0 0 1 3 1 2 1 0 1 1 3 0 0 0 0 0 0 0 0 0 1 0 0 0 0 1 0 0 2 0 0 0 2 1 0 1 0 0 3 1 0 0 0 0 0 2 1 3 0 0 0 0 0 1 1 2 0 0 1 0 1 0 0 0 0 0 0 0 5 2 0 0 3 12 3 0 0 1 208 4 4 0 0 0 0 0 0 0
0 0 0 1 2 3 0 1 4 0 0 0 0 0 0 0 0 0 1 1 0 0 3 21 0 0 2 1 1 0 0 0 0 0 0 0 0 0 3 0 0 1 0 0 0 1 1 0 0 0 2 1 0 1 0 0 0 1 4 0 7 1 0 0 0 0 2 7 3 1 3 2 0 1 1 0 1 2 4 2 2 4 1 1 0 1 12 0 0 0 1 91 8 7 0 0 0 0 0 0 0
0 3 0 1 1 1 0 0 4 0 0 1 3 0 0 1 0 0 1 0 0 1 0 58 0 0 1 0 1 0 0 0 0 0 0 0 0 1 0 1 0 0 1 1 0 0 0 0 0 0 2 1 2 0 0 0 0 0 6 0 5 0 0 0 0 0 2 1 0 0 1 0 1 1 1 0 1 2 2 0 0 5 1 0 0 2 10 3 0 0 2 47 5 5 0 0 0 0 0 0 0
0 2 1 1 7 0 3 3 1 0 0 0 1 0 0 0 3 0 0 1 1 0 0 27 0 1 3 0 0 0 0 0 0 1 1 1 0 0 1 0 0 1 1 0 0 0 0 0 0 1 0 1 2 0 0 2 1 0 2 0 10 0 5 0 0 0 0 2 3 0 0 0 1 1 3 0 0 2 0 1 1 4 1 1 0 3 11 1 0 0 1 49 15 11 0 0 0 0 0 0 0
0 3 0 2 7 0 1 1 1 1 0 0 1 0 0 0 1 0 1 1 0 0 2 15 0 0 2 0 0 0 0 1 1 1 0 0 0 0 2 0 0 0 0 0 1 2 0 0 0 0 0 2 1 0 0 4 0 1 4 0 4 2 2 1 0 1 1 1 1 0 2 1 0 1 2 0 1 1 0 0 1 10 1 1 1 1 7 4 0 0 1 34 47 8 0 0 0 0 0 0 0
0 0 0 3 3 2 0 0 0 0 0 2 1 1 0 0 2 1 0 0 3 1 0 18 0 0 4 2 0 0 1 0 0 0 0 1 0 1 0 0 0 0 2 0 1 1 0 0 0 1 1 2 2 0 1 2 1 1 3 0 7 3 1 0 1 1 0 5 1 0 1 0 1 1 0 0 1 1 2 1 2 8 2 2 0 2 13 1 0 0 3 37 67 11 0 0 0 0 0 0 0
0 3 0 0 3 1 0 0 1 1 0 2 2 2 1 1 3 0 0 2 1 0 2 20 0 0 0 2 0 0 0 1 0 2 0 0 0 1 4 2 0 0 1 0 0 0 0 0 0 0 1 0 0 0 0 1 1 0 0 1 6 5 0 0 0 1 0 0 0 2 1 3 0 1 2 0 1 0 0 1 0 4 0 1 1 2 14 2 0 0 4 16 43 16 0 0 0 0 0 0 0
0 6 0 2 3 0 1 1 4 0 0 0 0 1 1 0 1 1 0 1 0 2 0 22 1 0 0 0 1 0 1 1 0 0 0 0 0 1 2 0 0 0 0 1 0 2 0 0 0 0 0 2 0 0 0 1 0 1 0 0 7 0 0 0 0 0 0 1 1 1 3 1 1 2 1 0 0 2 0 2 2 4 0 1 0 5 7 1 0 0 3 26 46 27 0 0 0 0 0 0 0
0 1 0 1 3 1 0 1 5 1 0 2 0 0 0 0 0 0 0 1 1 1 5 7 0 0 0 0 0 0 0 0 0 2 0 1 0 0 4 0 0 0 0 0 0 0 0 0 1 0 1 1 0 0 1 0 0 2 2 0 1 1 0 1 0 0 0 0 1 0 1 0 1 1 1 0 1 0 1 1 0 2 2 0 0 0 7 1 0 0 0 11 45 16 0 0 0 0 0 0 0
0 3 1 0 2 1 0 2 1 0 0 0 0 1 1 1 3 0 1 0 1 1 1 3 0 0 1 0 0 2 0 0 1 2 1 0 0 1 1 0 3 1 0 0 0 2 0 0 0 0 0 0 2 0 0 0 1 0 2 0 1 1 1 0 0 0 2 1 2 1 6 1 0 1 1 2 1 1 0 1 0 2 1 0 0 1 7 2 0 0 1 14 44 11 0 0 0 0 0 0 0
0 1 0 0 2 2 0 1 4 0 0 0 0 2 0 0 2 0 2 4 1 1 1 5 0 0 1 0 0 1 0 0 0 0 0 0 1 0 0 0 259 1 0 0 1 1 0 0 0 0 1 1 0 1 1 2 0 0 0 0 2 0 0 1 0 0 1 0 3 2 0 1 1 2 1 0 2 1 0 1 1 2 1 1 1 0 7 1 0 0 1 13 120 13 0 0 0 0 0 0 0
0 2 0 1 3 0 2 2 4 0 0 2 1 0 0 0 0 0 2 2 1 0 1 9 0 0 0 0 0 0 0 1 0 2 2 0 0 0 2 1 143 0 0 0 0 0 0 0 0 0 1 3 1 1 0 0 0 1 1 1 5 0 1 0 0 1 1 1 2 1 4 3 2 0 1 0 0 2 0 1 2 4 0 1 1 2 3 2 0 0 1 11 122 13 0 0 0 0 0 0 0
0 0 0 1 1 1 0 2 4 0 0 0 1 0 0 0 5 0 3 0 0 0 0 5 0 0 1 0 0 0 0 0 0 0 0 0 0 0 0 1 75 2 1 1 1 2 0 0 0 0 0 1 2 0 1 1 0 0 0 0 4 0 1 0 0 0 1 1 0 0 1 0 1 0 2 0 2 0 0 0 2 1 1 2 1 0 12 0 0 0 2 15 147 35 0 0 0 0 0 0 0
0 0 0 3 11 1 0 1 1 0 0 1 2 0 0 0 1 0 2 0 1 0 1 3 0 0 3 1 0 0 0 0 0 1 0 0 0 0 0 0 44 0 2 0 0 1 0 0 1 0 0 0 0 0 0 0 1 0 2 0 4 1 1 0 0 0 0 0 2 0 0 0 0 0 1 0 1 0 0 2 0 2 0 2 0 3 5 2 0 0 1 14 70 17 0 0 0 0 0 0 0
0 2 0 0 9 1 2 0 4 0 0 2 1 0 0 0 3 0 1 0 1 0 1 4 0 1 3 0 1 0 0 1 0 0 1 0 1 0 2 0 29 5 0 0 0 1 0 0 0 0 0 4 4 0 1 0 1 1 1 0 4 2 0 1 0 0 1 1 2 2 2 1 2 1 0 0 0 1 9 0 1 0 0 1 0 3 5 0 0 0 1 8 41 9 0 0 0 0 0 0 0
0 1 1 0 3 0 1 3 4 0 0 2 0 1 0 0 2 1 1 1 0 0 0 4 0 1 1 2 0 1 0 0 0 1 2 1 1 1 3 1 18 2 2 0 1 0 0 0 0 0 0 0 1 0 0 0 1 0 1 0 6 0 1 0 0 0 2 0 0 2 4 1 0 1 1 0 0 2 2 0 1 1 0 3 0 3 6 0 0 0 2 4 35 9 0 0 0 0 0 0 0
0 2 0 0 4 1 1 1 4 0 0 1 0 2 0 0 2 0 0 1 1 1 3 1 0 0 0 0 0 0 0 0 0 1 0 0 0 0 0 1 17 0 1 0 0 0 0 0 1 0 1 1 2 0 1 0 0 1 0 1 8 0 1 1 0 1 2 1 0 0 2 1 0 0 1 0 0 2 0 2 0 3 2 2 1 1 2 1 0 0 4 4 15 5 1 0 0 0 0 0 0
0 3 0 0 1 3 0 0 1 0 0 0 0 1 0 0 3 0 3 0 1 0 4 1 0 0 2 1 0 0 0 0 1 0 2 0 0 0 7 0 14 1 4 1 1 2 0 0 0 1 0 1 2 0 2 3 0 0 0 1 6 1 0 0 0 0 1 0 1 0 5 1 0 1 2 0 0 0 1 0 0 0 0 3 1 1 3 0 0 0 2 3 15 5 112 0 0 0 0 0 0
0 0 0 1 0 1 1 1 4 0 0 0 0 1 0 0 2 0 1 0 0 1 0 1 0 0 1 1 1 0 0 1 0 1 0 0 0 2 5 0 14 1 0 0 0 0 0 0 0 0 0 2 1 0 1 0 0 0 0 0 4 1 0 0 0 1 2 0 2 0 0 1 0 0 0 0 1 0 1 0 1 0 4 3 0 1 1 1 0 0 1 3 8 4 122 0 0 0 0 0 0
0 0 0 0 3 1 1 0 5 0 0 2 2 0 0 0 3 2 1 1 0 0 1 3 0 0 0 0 0 0 1 0 0 0 1 0 0 0 1 0 5 1 0 0 1 1 0 0 0 1 0 0 0 0 1 0 0 1 2 1 3 0 0 0 0 0 0 0 0 0 0 0 0 1 1 0 0 0 1 0 1 5 1 3 0 0 6 0 0 0 1 2 9 1 61 0 0 0 0 0 0
0 1 0 0 3 2 0 0 1 1 0 0 0 0 0 0 4 1 1 1 0 0 1 3 0 0 2 2 0 0 0 0 0 0 0 0 0 0 1 2 9 2 0 1 1 0 0 0 0 1 1 1 3 0 1 2 0 0 1 0 9 0 1 0 0 0 2 0 3 1 1 1 1 1 5 0 3 0 1 0 0 2 1 1 0 1 4 0 407 0 3 2 4 6 26 0 0 0 0 0 0
0 1 0 0 4 2 0 1 1 0 0 1 0 0 0 0 3 0 1 0 1 0 1 1 0 0 2 1 0 0 0 0 0 0 0 0 0 0 1 2 127 2 0 0 0 0 0 0 0 0 0 3 6 1 0 1 0 0 0 0 3 1 1 0 0 0 2 1 1 1 2 2 0 1 0 0 0 0 0 0 0 1 1 6 0 0 4 3 206 0 4 3 2 3 25 0 0 0 0 0 0
0 1 0 1 5 2 1 0 1 0 0 0 0 0 1 0 5 0 0 1 0 0 0 2 0 0 3 0 0 0 0 0 0 1 0 0 0 0 2 0 63 0 2 0 0 0 0 0 0 0 0 0 3 0 0 1 1 0 4 0 4 2 0 0 0 0 1 0 1 0 0 2 0 0 1 1 0 0 0 0 0 1 1 1 0 2 3 0 92 0 2 5 9 0 13 0 0 0 0 0 0
0 2 0 1 0 2 1 0 1 0 0 0 0 0 0 0 4 0 2 0 0 0 2 1 0 0 1 2 0 0 1 0 1 0 1 0 0 0 0 0 30 0 1 0 0 0 0 0 0 0 0 0 0 0 1 2 0 0 0 0 2 0 0 0 0 0 2 0 0 0 0 1 1 0 0 0 0 2 2 1 0 1 1 2 0 1 3 0 49 0 3 3 9 1 10 0 0 0 0 0 0
0 1 0 0 0 1 0 1 4 0 0 0 0 0 0 1 1 1 4 0 0 0 2 0 0 1 1 0 0 0 0 0 0 1 1 0 0 0 0 0 12 1 1 0 1 0 0 0 0 0 0 3 1 0 0 1 0 0 1 0 1 0 0 0 0 0 0 0 3 0 1 0 1 0 0 0 1 2 0 1 0 1 0 0 0 0 0 1 18 0 0 3 5 0 41 0 0 0 0 0 0
0 3 0 2 1 0 1 0 0 0 0 0 2 1 1 1 2 0 2 3 0 0 1 3 0 2 5 0 0 2 0 0 0 0 1 0 0 0 0 0 11 3 2 0 1 0 0 0 0 0 0 2 3 0 1 0 0 1 0 0 1 0 1 0 0 0 4 0 1 0 1 0 0 0 0 0 1 0 0 1 1 1 0 2 0 2 3 1 20 0 0 1 3 3 22 0 0 0 0 0 0
0 0 0 2 0 2 2 2 1 1 0 0 0 0 0 0 2 0 0 0 1 0 2 3 0 0 2 1 0 0 0 1 0 0 1 0 0 1 0 0 11 0 1 0 0 0 0 0 1 0 1 1 1 0 0 1 0 0 0 0 2 0 1 0 1 0 0 0 2 0 1 0 0 0 2 0 0 1 0 0 1 1 1 6 1 0 1 0 11 0 0 3 5 1 20 0 0 0 0 0 0
0 0 0 0 2 0 1 0 1 1 0 0 1 0 0 0 1 0 1 0 0 0 1 5 0 0 2 0 1 0 0 0 0 0 0 1 0 0 3 0 12 1 3 0 0 0 0 0 0 0 0 1 2 0 0 0 0 0 4 0 2 0 0 0 1 0 0 0 0 0 0 0 1 0 0 0 0 0 0 2 0 1 1 1 0 2 1 1 8 0 1 1 4 0 17 0 0 0 0 0 0
0 2 0 3 0 2 0 1 1 0 0 1 1 2 0 1 2 0 2 2 0 0 1 1 0 1 1 0 0 0 1 2 0 0 0 0 0 1 1 0 19 2 0 0 0 0 0 0 0 0 0 2 2 0 1 1 0 0 1 0 3 1 0 0 1 0 4 0 0 1 3 1 0 0 0 0 1 0 0 0 0 1 1 1 1 1 0 3 17 0 0 1 3 3 26 0 0 0 0 0 0
0 2 1 0 1 1 0 1 4 0 0 3 3 2 0 0 4 0 1 1 0 1 1 1 1 1 1 0 0 0 1 0 0 1 0 0 0 1 4 1 7 1 2 0 0 0 0 0 0 0 2 1 1 0 0 0 1 0 2 0 2 0 2 0 0 0 0 0 0 0 2 0 0 1 0 0 1 1 0 2 0 1 1 3 1 0 1 1 10 0 0 2 6 0 88 0 0 0 0 0 0
0 0 1 1 1 2 1 1 3 0 0 0 2 3 0 2 0 1 0 3 0 1 1 1 0 0 1 1 0 0 0 1 1 0 1 0 0 0 3 0 10 0 1 0 1 0 1 0 0 0 1 0 0 0 0 1 0 0 4 0 1 0 1 0 0 0 1 0 2 0 0 1 1 1 2 0 2 0 1 0 1 0 0 0 1 2 0 0 4 0 1 0 9 3 60 0 0 0 0 0 0
0 2 0 0 0 4 1 2 0 0 0 1 0 0 0 0 1 2 1 0 0 0 1 4 0 0 0 1 0 0 0 0 2 0 0 0 0 1 1 0 4 0 2 1 0 0 0 0 0 0 0 1 1 1 0 1 0 0 0 0 3 1 3 0 0 0 1 0 2 0 1 1 0 1 1 0 1 1 0 0 1 0 1 1 1 3 2 0 0 0 2 2 4 1 34 0 0 0 0 0 0
0 2 0 2 4 1 1 2 2 0 0 1 0 0 1 1 3 0 0 1 1 0 0 6 0 0 0 1 0 0 0 0 2 2 0 1 0 0 1 0 9 1 2 0 1 1 0 0 0 0 0 0 2 0 0 3 0 1 2 0 1 0 0 0 0 1 2 0 1 0 2 0 0 1 1 1 2 4 0 0 0 0 3 2 1 1 1 1 2 0 1 9 6 5 35 0 0 0 0 0 0
0 0 0 0 1 2 2 1 6 0 0 0 0 0 0 0 2 0 0 0 3 1 0 3 0 0 2 1 0 0 0 0 2 0 0 2 0 0 2 0 4 2 4 0 0 0 0 0 0 0 1 1 2 0 0 1 0 0 3 1 1 2 1 0 1 0 1 0 2 0 1 0 0 0 0 0 0 4 0 1 1 1 2 0 0 1 2 2 2 0 4 1 3 1 24 0 0 0 0 0 0
0 2 0 1 0 5 1 0 4 0 0 2 0 2 0 0 3 0 2 0 1 1 1 6 0 0 0 0 0 0 0 1 0 0 0 0 0 0 2 0 4 2 1 0 0 1 0 0 1 0 0 2 5 0 0 1 0 0 1 0 2 0 1 1 0 0 2 1 0 0 3 0 2 0 2 0 0 2 0 2 0 0 1 3 0 4 5 1 111 0 1 5 5 0 13 0 0 0 0 0 0
0 1 0 1 2 5 0 0 4 0 0 2 1 0 0 1 3 0 2 0 1 0 0 2 0 0 3 2 0 0 0 0 1 1 0 0 0 1 1 0 16 3 4 0 0 1 0 0 0 0 0 2 5 0 0 0 2 0 0 0 5 2 1 0 0 0 4 0 0 0 2 0 1 1 1 0 1 1 0 0 0 1 1 4 0 0 1 1 35 0 1 2 6 1 15 0 0 0 0 0 0
0 0 0 0 1 1 1 2 0 0 0 0 0 0 0 0 5 0 3 1 0 2 3 2 0 2 1 1 1 0 0 2 0 1 0 0 0 0 1 2 10 3 2 0 2 1 0 0 0 0 0 2 2 1 0 3 0 0 1 1 3 0 3 1 0 0 4 1 1 0 1 0 4 0 1 2 1 0 0 1 0 1 0 4 0 1 4 1 33 0 1 2 7 0 11 0 0 0 0 0 0
0 2 0 0 2 1 0 1 2 0 0 1 1 1 1 0 2 0 0 0 0 1 1 1 0 0 1 1 0 0 0 0 0 0 0 0 0 2 2 1 5 1 6 1 0 0 1 0 0 3 0 2 1 0 1 0 0 0 0 0 1 0 0 0 0 0 3 0 2 1 1 1 0 2 1 0 1 0 0 3 1 1 2 2 0 3 4 0 23 0 4 3 5 1 15 0 0 0 0 0 0
0 0 1 0 1 0 0 1 0 0 0 2 0 1 0 1 3 0 2 5 1 0 1 2 0 0 0 2 0 0 0 1 0 1 1 0 0 0 1 0 2 1 1 0 0 1 0 0 1 1 0 1 2 0 1 3 1 0 1 0 0 2 1 0 0 0 1 1 0 1 2 1 0 0 0 0 0 1 0 0 0 1 1 1 1 2 1 0 25 0 0 0 4 4 13 0 0 0 0 0 0
0 1 0 0 2 5 1 1 1 0 0 0 0 2 1 0 1 0 0 2 0 0 1 0 0 1 1 1 2 0 0 0 0 1 0 0 1 0 3 0 2 1 1 1 2 0 0 0 1 0 0 1 2 0 0 4 2 0 0 0 2 1 1 0 1 0 1 0 0 0 3 1 0 0 3 0 0 0 1 0 1 0 0 4 0 1 1 0 15 0 0 2 5 0 5 0 0 0 0 0 0
0 2 1 0 0 1 1 0 1 0 0 1 0 3 0 0 0 0 0 0 0 0 0 1 0 0 0 0 0 0 0 0 0 0 0 0 0 2 3 0 2 0 2 0 1 3 0 0 0 0 2 0 0 0 1 3 0 0 2 0 2 0 0 1 0 1 0 0 0 1 1 0 0 0 0 1 0 0 0 1 0 0 1 0 0 8 4 1 6 0 1 1 4 0 6 0 0 0 0 0 0
0 0 0 1 1 1 0 1 2 0 0 0 0 1 0 0 1 0 2 1 0 0 0 1 0 0 1 1 0 0 0 0 0 0 0 0 0 0 1 0 3 2 1 0 1 1 0 0 2 0 0 0 0 0 0 1 0 0 2 0 3 0 1 0 0 0 0 0 0 0 1 0 0 0 0 1 1 2 0 0 0 2 0 0 0 1 1 2 4 0 1 2 2 0 9 0 0 0 0 0 0
0 1 0 0 1 0 0 1 4 1 0 0 0 1 0 0 1 0 1 1 1 0 0 0 0 0 1 0 1 0 0 2 0 1 0 0 0 0 2 1 4 0 0 0 0 0 0 0 0 0 0 1 1 0 0 1 0 0 1 0 1 0 1 1 0 0 0 0 1 0 0 1 1 0 0 0 1 0 0 0 0 2 0 0 1 1 0 0 7 0 1 1 0 0 4 0 0 0 0 0 0
0 0 0 0 0 2 0 0 4 0 0 0 0 3 0 1 1 0 1 0 0 0 1 2 0 5 2 2 0 0 0 0 0 0 1 0 0 0 0 0 2 2 1 0 1 3 0 0 2 0 0 1 2 0 1 2 0 0 1 0 0 1 1 0 0 0 1 0 0 0 0 0 0 0 0 0 1 0 1 0 0 0 1 1 0 0 1 1 1 0 1 3 2 0 5 0 0 0 0 0 0
0 1 0 0 0 1 0 0 1 0 0 2 0 3 1 0 0 0 0 1 0 1 1 1 0 0 0 1 1 0 0 0 1 3 1 0 0 1 2 3 11 2 1 1 0 0 0 0 0 0 0 0 1 0 1 1 0 0 1 1 1 2 3 0 0 0 0 0 0 0 2 0 0 0 0 0 1 0 1 0 0 0 1 0 1 0 0 0 3 0 0 0 0 0 4 0 0 0 0 0 0
0 1 0 1 1 0 0 0 1 0 0 1 1 1 0 1 1 0 1 0 1 0 1 0 0 0 0 1 0 0 0 1 0 0 0 1 0 0 2 1 0 0 1 0 1 0 0 0 0 0 0 0 1 0 0 3 0 0 0 0 1 0 1 0 0 0 0 0 0 0 0 1 0 0 0 0 2 0 1 0 0 2 2 0 2 0 0 1 1 0 1 0 1 0 2 0 0 0 0 0 0
0 0 0 0 0 1 0 1 0 0 0 0 1 1 1 0 1 0 0 0 0 0 0 1 0 0 0 0 0 0 0 0 1 0 0 0 0 0 0 1 0 0 0 0 0 0 0 0 0 0 0 0 0 0 0 3 1 0 0 0 0 2 1 0 1 0 0 0 1 1 1 0 1 0 1 1 1 0 0 0 1 2 2 1 1 0 0 0 2 0 3 1 0 1 6 0 0 0 0 0 0
0 0 0 0 1 0 1 0 0 0 0 0 0 0 0 1 1 0 1 0 0 0 2 2 0 0 1 0 0 0 0 0 0 0 0 1 0 1 2 0 1 1 2 1 0 1 0 0 0 0 0 0 1 1 1 4 0 0 0 0 1 1 0 0 0 0 0 0 1 0 1 1 0 0 1 0 2 1 0 0 0 1 3 0 0 0 1 2 3 0 0 1 4 0 4 0 0 0 0 0 0
0 2 0 0 0 3 1 0 3 0 0 2 0 2 0 0 0 1 0 1 0 0 0 0 0 0 0 0 0 0 0 0 0 0 0 0 0 0 2 0 2 0 2 0 1 0 0 0 0 0 1 2 2 0 0 1 0 0 0 1 1 0 0 0 0 0 1 0 0 0 2 2 1 0 0 0 2 0 0 0 1 1 1 1 0 1 0 3 3 0 1 0 6 0 3 0 0 0 0 0 0
0 0 0 0 1 0 0 0 2 0 0 0 1 0 0 0 0 1 0 1 0 1 0 0 1 0 0 1 1 1 0 0 1 1 0 0 0 0 1 1 0 1 2 0 1 2 0 0 0 0 0 0 1 0 1 5 0 0 1 0 2 1 1 0 0 0 1 0 0 0 0 1 0 0 1 0 0 1 0 1 0 2 2 1 0 5 2 3 1 0 0 0 1 0 5 0 0 0 0 0 0
0 0 0 0 0 0 0 0 3 0 0 1 0 2 0 0 0 0 0 1 0 0 0 0 1 1 0 1 0 0 0 0 1 0 1 0 0 1 2 1 0 0 5 0 1 0 0 0 0 0 0 0 0 0 1 2 0 0 0 0 0 0 1 0 0 0 0 0 1 0 0 0 0 1 0 0 0 0 0 0 1 1 0 0 0 0 1 0 3 0 0 1 1 1 1 0 0 0 0 0 0
0 0 0 0 2 0 0 0 0 1 0 1 1 0 1 0 1 1 0 0 1 1 0 0 0 0 0 0 0 0 0 1 0 0 0 1 0 1 3 1 2 0 0 0 0 0 0 0 0 0 0 0 0 0 0 2 0 0 1 0 0 3 2 0 0 0 0 0 1 0 0 0 1 0 0 2 1 1 1 1 0 1 0 0 0 1 1 0 1 0 2 0 1 1 2 0 0 0 0 0 0
0 1 0 0 0 0 2 1 4 0 0 0 0 0 0 0 0 0 0 2 0 0 0 0 0 0 0 0 0 0 0 0 0 0 0 0 0 0 0 1 2 0 1 0 0 2 0 0 0 0 0 1 0 0 0 2 0 0 1 0 1 3 3 0 0 0 0 0 4 1 2 0 0 0 0 0 0 1 0 2 0 0 2 1 0 1 3 0 2 0 2 0 4 0 5 0 0 0 0 0 0
0 0 0 0 0 0 1 0 2 0 0 0 0 1 0 0 2 0 1 1 0 0 5 1 0 0 0 2 0 0 0 0 0 2 0 0 0 0 1 0 0 0 1 0 0 2 0 0 1 1 0 1 0 0 0 0 0 0 0 0 0 0 0 0 0 0 1 0 0 0 3 0 1 0 1 0 0 2 0 1 0 0 2 0 1 1 1 0 5 0 1 0 2 2 2 0 0 0 0 0 0
0 1 0 0 2 2 0 1 0 0 0 2 0 1 0 2 2 0 1 0 1 0 2 1 0 0 0 0 0 0 0 0 0 0 0 0 0 0 0 1 3 0 1 0 0 2 0 0 0 0 0 1 1 0 0 3 1 0 1 0 0 0 0 0 0 0 1 0 0 0 1 1 0 0 1 0 1 1 0 0 0 1 0 0 1 0 0 4 1 0 1 1 0 0 4 0 0 0 0 0 0
0 3 1 1 3 2 0 0 6 1 0 1 0 5 1 1 0 0 2 0 1 1 1 1 0 0 0 2 0 0 0 0 0 1 0 0 0 0 1 0 1 1 1 0 0 0 0 0 0 0 0 1 1 0 1 2 0 0 0 0 1 4 0 0 0 0 1 0 2 0 4 4 0 0 2 0 2 1 0 0 2 0 0 0 0 4 0 3 15 0 1 1 4 1 12 0 0 0 0 0 0
0 1 0 0 1 4 2 2 3 0 0 0 2 1 0 0 5 0 1 3 2 1 2 1 0 1 1 1 1 0 0 0 1 3 0 1 0 0 3 1 2 2 3 0 0 1 0 0 0 0 0 2 4 0 0 4 0 0 1 0 2 7 3 0 0 0 4 0 1 0 2 1 0 1 1 0 3 0 0 0 5 0 1 4 1 2 1 1 11 0 2 0 2 2 10 0 0 0 0 0 0
0 2 0 1 1 1 3 0 4 0 0 2 0 2 0 0 1 1 1 0 1 0 4 2 0 0 2 3 0 1 0 0 0 0 0 1 0 2 3 0 6 3 4 0 0 1 0 0 0 0 0 0 1 0 1 5 0 0 0 0 2 5 0 0 0 2 0 0 1 0 4 0 3 0 1 3 0 0 1 1 0 0 1 1 0 0 3 3 5 0 10 1 1 1 5 0 0 0 0 0 0
0 0 0 1 0 0 2 1 1 0 0 1 0 1 0 0 1 0 0 0 1 1 0 2 0 0 0 1 0 1 0 0 1 1 0 1 0 0 1 1 3 0 1 0 0 0 0 0 0 0 1 0 0 0 0 1 0 1 3 0 0 1 1 0 0 0 0 0 2 1 2 0 0 1 1 0 1 1 1 0 0 2 0 0 0 0 0 3 7 0 10 0 2 0 7 0 0 0 0 0 0
0 0 0 0 0 1 0 0 2 0 0 1 0 0 0 0 1 0 0 0 0 0 0 0 0 0 0 0 0 0 0 1 0 0 0 0 0 1 2 0 2 0 2 0 0 1 0 0 0 0 0 0 0 0 1 3 0 0 1 0 0 0 0 0 0 0 0 1 0 1 1 0 0 0 1 0 0 0 1 0 1 3 1 0 1 0 2 1 3 0 3 2 1 0 16 0 0 0 0 0 0
0 0 0 0 0 1 1 2 2 0 0 1 1 1 0 1 1 0 0 0 0 0 0 1 0 0 0 2 0 1 0 0 1 2 0 2 0 0 0 1 5 0 0 0 0 1 0 0 0 0 0 1 0 0 1 3 0 0 2 0 0 1 0 0 0 0 0 0 0 0 1 0 2 0 1 1 1 0 0 0 2 0 1 0 0 1 2 0 2 0 8 1 4 3 10 0 0 0 0 0 0
0 0 1 0 1 1 0 2 5 2 0 2 0 1 0 1 1 0 2 2 2 0 1 1 0 0 0 0 0 0 0 0 0 0 0 0 0 1 3 0 4 1 0 0 0 0 0 0 0 0 0 0 1 0 0 3 0 0 0 0 1 5 0 2 0 0 1 0 2 2 0 1 1 0 5 0 3 3 0 1 1 1 2 0 1 1 0 1 0 0 3 1 4 4 0 0 0 0 0 0 0
0 0 0 0 0 0 0 0 1 0 1 0 1 0 0 2 1 0 1 2 1 0 0 1 0 0 1 0 0 0 0 0 1 0 0 0 0 2 3 0 2 0 1 0 0 0 0 0 0 0 0 0 1 0 0 0 0 0 1 0 0 0 0 0 0 0 2 0 1 0 3 0 0 0 0 0 0 0 0 0 0 1 0 0 0 2 0 2 2 0 3 0 3 0 5 0 0 0 0 0 0
0 1 0 0 0 2 0 1 4 0 0 0 0 3 0 1 1 0 1 0 0 0 1 0 0 0 0 0 0 0 1 0 0 0 1 2 0 0 0 1 6 1 0 0 0 2 0 0 1 0 0 2 1 0 1 0 1 0 0 0 0 0 2 0 1 0 2 0 1 0 0 0 0 0 0 0 0 0 0 0 3 1 0 2 1 4 0 4 2 0 1 0 0 1 4 0 0 0 0 0 0
0 0 0 0 1 0 1 1 1 0 0 1 0 0 0 1 1 0 0 0 1 0 0 0 0 1 0 0 2 0 0 0 0 0 0 0 0 0 0 1 5 0 2 0 0 1 0 0 1 0 0 0 0 1 0 1 0 0 0 0 2 1 0 0 0 0 0 1 1 1 1 1 0 0 2 0 2 0 0 3 0 0 1 3 0 1 1 0 2 0 2 0 2 4 6 0 0 0 0 0 0
0 2 0 0 0 2 1 0 3 0 1 2 0 3 0 0 2 0 2 2 0 0 1 0 0 0 0 1 0 0 0 0 0 0 0 1 0 0 0 0 2 0 1 0 0 0 0 0 0 0 1 1 1 0 1 0 0 0 0 0 0 2 1 0 0 0 1 0 0 2 2 0 0 0 0 0 0 0 0 6 1 2 3 0 0 6 1 1 1 0 1 0 1 0 3 0 0 0 0 0 0
0 2 0 0 3 2 0 0 2 0 0 0 0 2 0 1 4 1 4 1 1 1 0 0 0 0 0 0 0 0 0 0 0 2 0 0 0 0 3 0 4 5 0 0 0 0 0 0 0 0 0 4 4 0 2 1 0 0 1 0 3 2 1 0 0 0 5 0 2 1 0 1 1 0 0 2 0 1 0 6 1 0 2 3 0 0 2 0 3 0 1 0 2 4 1 0 0 0 0 0 0
0 2 0 0 3 2 1 0 1 0 0 0 0 0 0 0 3 1 2 0 0 0 3 1 0 0 2 0 0 0 0 1 0 2 0 1 1 1 1 0 4 3 2 0 0 0 0 0 0 0 1 3 3 0 0 0 0 0 0 0 5 1 2 0 0 1 3 0 1 0 0 0 1 0 0 0 0 0 1 8 0 0 2 4 0 2 1 1 10 0 1 1 0 1 0 0 1 0 0 0 0
0 1 0 0 0 2 1 0 2 1 0 0 1 3 0 1 1 0 1 1 0 0 1 0 0 0 0 0 1 0 0 0 0 1 1 0 0 0 2 0 2 4 0 0 2 0 0 0 0 0 1 4 4 0 1 1 0 0 1 1 1 2 1 0 0 0 4 0 0 0 1 0 0 0 0 0 0 0 1 4 0 1 3 2 0 0 0 1 4 0 0 0 0 3 3 0 0 0 0 0 0
0 2 0 0 0 2 1 2 6 0 0 2 0 0 0 0 1 0 0 1 0 0 0 0 0 0 0 0 0 0 0 2 0 0 0 0 0 0 2 1 2 3 0 0 0 0 0 0 0 0 1 1 3 0 1 3 0 0 0 0 1 2 0 0 0 0 2 0 0 0 2 0 0 0 0 0 2 2 0 0 0 2 4 6 0 1 0 2 8 0 1 0 3 3 2 0 0 0 0 0 0
0 1 0 0 0 1 2 1 2 0 0 0 0 1 0 0 4 1 2 1 1 0 0 1 0 0 1 0 0 0 0 1 1 0 0 0 0 0 1 0 0 2 0 0 0 0 0 0 0 0 1 1 1 0 0 0 0 0 1 0 2 1 1 0 0 0 0 0 0 0 1 0 0 0 2 0 0 1 0 2 0 1 1 1 0 2 1 0 6 0 2 0 1 2 1 0 0 0 0 0 0
0 0 0 0 3 1 1 0 4 0 0 0 1 1 0 0 1 0 1 0 0 0 0 0 0 0 1 0 0 1 0 0 0 0 0 1 0 2 2 1 2 1 0 0 2 0 0 0 0 0 0 2 3 0 0 1 0 0 0 0 1 0 0 0 0 0 1 0 2 0 2 0 0 0 0 0 1 1 0 2 0 1 1 1 0 0 0 3 3 0 2 0 0 2 1 0 0 0 0 0 0
0 4 0 0 1 1 0 0 0 1 0 0 2 0 0 0 3 0 3 1 0 0 0 1 0 0 0 0 0 0 0 1 0 1 0 0 0 0 0 0 1 4 1 0 1 0 0 0 0 0 0 1 2 0 0 1 1 0 1 0 4 0 0 0 0 0 1 0 1 0 0 1 0 0 1 0 0 0 2 0 0 1 3 5 1 1 0 2 12 612 1 0 0 2 0 0 0 0 0 0 0
0 0 0 0 0 5 0 2 1 2 0 1 0 0 0 0 6 0 7 0 0 1 0 0 0 1 1 0 0 0 0 0 0 0 1 0 0 0 2 0 1 4 0 1 1 1 0 0 0 0 0 4 6 0 0 0 0 0 0 0 3 1 3 0 0 0 5 1 2 0 0 1 1 0 0 0 2 1 0 0 0 2 3 5 2 0 1 0 5 333 2 0 3 2 4 0 0 0 0 0 0
0 1 0 0 0 3 0 1 2 1 0 1 0 0 0 0 2 0 3 1 0 1 0 0 0 2 1 0 0 2 0 2 0 0 1 0 0 0 0 0 2 0 0 0 1 0 0 0 0 0 0 4 3 0 0 1 0 0 1 0 2 0 0 0 0 0 2 0 1 2 1 0 0 0 1 1 0 1 0 2 0 0 1 3 0 0 0 0 6 86 2 0 0 0 0 0 0 0 0 0 0
0 0 0 1 1 2 1 1 2 1 0 1 1 0 0 0 1 0 2 0 1 0 0 1 0 2 0 0 0 0 1 1 1 1 0 0 0 1 0 0 4 3 0 0 1 0 0 0 0 1 1 4 7 0 0 0 1 1 2 0 1 1 1 0 0 0 3 0 1 0 3 0 0 0 0 0 6 0 0 0 0 2 0 2 0 1 2 0 3 35 1 1 2 0 2 0 0 0 0 0 0
0 0 0 0 0 4 0 1 1 0 0 0 0 2 1 0 2 0 3 1 0 1 0 0 0 0 2 2 0 1 0 1 0 2 0 1 0 1 2 0 2 3 0 0 0 0 0 0 0 1 1 1 2 0 0 1 0 0 0 0 2 0 0 0 0 0 4 1 1 0 0 0 1 0 3 1 9 1 0 0 0 0 3 3 0 0 2 0 4 35 1 0 0 1 2 0 5 0 0 0 0
0 0 0 0 0 1 0 1 2 0 0 1 0 3 0 0 3 0 2 1 1 2 1 1 0 0 0 2 0 0 0 0 0 3 0 1 0 0 3 0 1 4 0 1 1 1 0 0 0 0 1 1 3 0 0 1 0 0 0 0 2 0 2 0 0 0 3 1 1 0 2 0 0 0 0 0 3 0 0 1 0 2 2 2 0 1 2 2 2 9 0 0 0 5 2 0 1 0 0 0 0
0 0 0 0 0 0 0 0 0 0 4 0 0 0 0 0 2 0 0 0 1 0 2 1 0 2 0 0 0 0 0 0 0 0 0 0 0 0 1 0 0 0 1 0 0 0 0 0 0 0 0 0 1 0 1 1 1 0 0 1 2 1 0 0 0 0 1 0 3 0 0 1 0 0 0 1 7 0 0 1 1 0 5 1 0 0 1 0 1 12 1 0 0 8 2 0 0 0 0 0 0
0 0 0 0 0 3 1 1 4 1 2 1 0 2 0 1 3 0 1 0 0 0 1 1 0 2 2 0 0 0 0 1 0 2 0 0 0 0 0 1 3 1 1 0 3 0 0 0 0 0 0 2 1 0 0 3 1 0 0 0 0 2 0 0 0 0 3 0 2 0 1 1 0 1 0 1 7 1 0 1 0 0 3 2 0 1 1 1 2 9 1 0 1 2 1 0 0 0 0 0 0
0 1 0 0 0 2 0 1 3 0 0 0 0 0 0 0 2 0 2 1 0 0 1 0 0 1 0 0 0 0 0 1 0 3 0 0 0 1 2 0 2 2 4 0 0 1 0 0 0 0 2 0 1 0 0 3 0 0 1 0 1 1 2 3 1 0 0 0 1 0 3 0 0 0 0 1 9 1 0 0 0 1 2 2 0 0 1 2 5 7 1 0 0 3 2 1 0 0 0 0 0
0 2 0 0 0 1 0 2 3 1 0 0 1 1 1 0 2 0 3 1 1 1 1 0 0 0 0 0 0 0 0 2 0 1 0 0 0 0 1 0 1 3 2 0 1 1 0 0 0 0 1 1 0 1 1 4 1 0 1 0 1 1 1 1 0 0 2 0 1 0 2 1 1 0 0 0 4 1 1 1 2 1 3 2 0 1 0 3 2 4 0 0 0 2 0 4 0 0 0 0 0
0 1 0 0 0 0 0 2 3 0 0 2 0 2 0 0 0 1 1 1 1 0 1 0 0 1 0 0 1 0 1 0 1 1 0 0 0 0 1 1 1 2 0 0 1 1 0 0 0 0 0 1 1 0 0 3 1 0 3 0 5 1 1 0 0 0 0 1 1 0 0 1 0 0 0 0 3 0 0 0 2 1 4 0 0 0 1 1 5 9 1 1 0 2 2 3 0 0 0 0 0
0 3 0 0 0 3 0 2 0 0 0 0 1 1 0 0 1 0 1 1 0 2 1 0 0 0 1 0 0 0 0 1 0 1 0 0 0 1 3 0 2 0 1 0 0 0 0 0 0 0 0 2 1 0 0 1 0 0 2 0 1 3 0 0 0 0 2 0 2 0 1 1 0 0 3 0 3 0 1 1 0 1 2 2 0 0 2 1 3 6 1 0 2 1 2 5 1 0 0 0 0
0 1 0 0 0 0 1 0 3 0 0 0 0 2 1 0 1 0 1 3 0 1 0 2 0 0 0 1 1 0 0 1 2 1 0 0 0 2 3 1 0 2 2 0 0 1 0 0 0 0 0 1 0 0 1 3 0 0 3 0 1 2 1 0 0 1 0 0 2 0 3 0 0 0 2 0 3 0 0 2 1 1 4 1 4 0 1 3 0 2 1 0 1 2 2 3 0 0 0 0 0
0 2 0 0 0 0 2 1 3 1 0 0 1 2 0 1 3 0 2 2 0 0 0 2 0 0 0 0 0 0 0 1 0 3 0 0 0 0 1 1 2 0 3 0 0 1 0 0 1 1 1 2 2 0 0 1 0 0 3 0 3 1 2 0 0 0 1 1 0 0 3 6 1 0 1 0 3 0 1 0 1 1 4 2 0 1 0 0 1 10 1 2 2 5 0 1 33 0 0 0 0
0 3 0 0 1 2 4 1 1 1 0 2 0 1 0 2 0 1 2 2 3 1 4 3 0 0 0 0 0 0 0 2 0 0 0 0 0 1 2 1 3 3 2 0 0 1 0 0 1 0 0 1 3 0 0 1 0 0 0 0 1 4 0 0 0 0 2 3 1 0 2 2 0 1 3 0 0 3 0 1 1 0 2 3 0 0 4 3 5 77 2 3 3 0 1 6 24 0 0 0 0
0 2 0 0 0 3 1 2 4 0 0 0 0 0 0 1 0 0 2 0 1 0 1 0 0 0 1 0 1 0 1 1 2 1 0 0 0 0 1 0 4 0 1 1 0 0 0 0 0 0 0 0 1 0 3 0 0 0 1 0 3 1 0 0 0 0 2 0 1 0 2 0 1 0 0 0 1 0 2 1 0 1 3 1 0 1 0 0 3 35 0 0 1 2 0 6 21 0 0 0 0
0 1 0 0 0 3 1 3 3 0 1 2 2 1 0 0 1 0 0 2 0 4 2 136 0 0 0 1 0 1 0 0 2 1 0 0 0 0 5 0 1 3 4 0 0 0 0 0 0 0 0 3 2 0 0 9 0 0 0 0 1 4 1 0 0 0 2 0 2 0 0 1 1 1 2 0 1 1 1 1 0 0 5 2 0 1 1 1 3 12 2 1 1 4 2 58 463 0 0 0 0
0 3 0 0 1 0 1 0 6 1 0 4 2 1 0 1 2 0 1 0 3 1 2 12 0 1 0 0 1 0 0 0 0 2 0 0 1 0 3 1 1 2 0 1 2 0 0 0 0 1 1 1 3 0 1 2 1 0 3 0 3 3 1 0 2 0 1 0 1 0 3 0 0 0 2 1 4 1 0 1 2 0 6 3 0 2 2 3 2 16 3 2 1 3 2 35 273 0 0 0 0
0 2 0 0 0 1 1 1 2 0 0 3 0 0 0 1 2 0 2 1 2 0 0 6 0 1 1 0 0 0 0 1 1 1 0 1 0 0 4 1 3 0 2 0 0 1 0 0 0 0 0 1 1 0 1 4 0 0 2 0 3 1 0 0 1 0 2 1 2 0 0 0 0 1 1 2 2 0 0 1 0 1 7 2 0 0 0 2 0 8 0 1 2 0 3 29 164 7 0 0 0
0 3 1 0 1 1 1 1 1 1 0 2 0 3 0 0 0 0 0 3 1 0 4 9 0 0 1 0 0 1 0 0 0 0 0 0 0 0 4 0 2 1 3 0 0 1 0 1 0 0 0 0 1 0 0 2 3 0 1 0 0 2 0 0 0 0 1 0 3 0 1 0 2 0 1 0 0 1 1 0 0 0 4 1 0 2 1 0 2 10 2 0 0 2 1 32 53 1 0 0 0
0 1 0 0 1 0 0 2 2 0 0 0 0 1 0 0 0 0 0 0 0 1 1 9 0 0 0 0 0 0 0 2 0 0 0 0 0 0 4 0 0 0 1 0 0 0 0 0 0 0 0 0 0 0 1 0 1 0 2 0 2 4 0 0 0 0 1 0 0 0 2 0 0 0 0 0 0 1 0 1 0 0 4 0 1 0 0 0 3 13 1 1 0 0 0 16 29 0 0 0 0
0 0 0 0 0 0 0 0 5 0 0 1 0 0 0 1 1 0 0 0 0 2 0 2 0 0 0 1 0 0 0 1 0 0 0 0 0 0 1 0 1 0 0 0 0 1 0 0 0 0 1 0 0 0 1 0 0 0 0 0 0 0 0 0 0 0 0 0 1 0 0 1 0 0 0 0 0 0 1 1 2 0 5 0 0 0 0 0 0 2 1 0 1 0 0 10 13 0 0 0 0
0 2 0 0 0 0 0 0 1 0 0 1 0 0 0 1 0 0 0 1 0 1 1 0 1 0 0 0 1 0 0 0 1 1 0 0 0 0 4 0 1 0 2 0 0 1 0 0 1 0 0 0 0 0 0 2 1 0 1 0 1 3 0 0 0 1 0 0 1 0 0 0 0 0 1 0 0 0 0 0 0 2 2 0 1 1 1 0 1 2 0 0 1 0 0 14 11 0 0 0 0
0 0 0 0 1 0 0 0 3 0 0 1 1 0 0 0 0 0 0 0 1 0 0 2 0 0 0 0 0 0 0 1 1 0 0 0 0 0 3 0 0 0 4 0 0 2 0 0 0 0 0 0 0 0 0 3 0 0 1 0 0 2 0 0 0 0 0 0 1 0 2 0 0 0 2 0 1 0 0 0 0 0 4 0 0 1 0 0 2 4 0 2 2 1 1 15 5 920 0 0 0
0 1 0 0 0 0 0 0 0 0 0 0 0 1 0 0 0 0 0 1 0 0 1 0 0 0 0 0 0 0 0 0 0 0 0 0 0 0 6 0 0 0 1 0 1 1 0 0 0 0 0 0 0 0 0 1 0 0 0 0 0 0 0 0 0 0 0 0 1 0 0 1 2 0 0 1 4 0 0 0 0 0 4 0 0 0 0 0 0 4 0 1 3 0 0 18 1 641 0 0 1
0 0 0 0 1 0 2 1 1 0 0 1 0 0 0 0 0 0 0 0 3 0 0 0 0 1 0 0 0 0 0 0 0 1 0 0 0 0 6 0 0 0 2 0 2 0 0 0 0 0 0 0 0 0 0 0 0 0 0 1 0 0 0 1 1 0 0 0 1 0 0 0 0 0 0 0 2 0 2 0 2 1 0 0 2 0 1 1 0 4 0 0 1 1 0 15 1 238 0 0 0
0 3 0 0 0 0 0 0 3 0 0 1 0 2 0 0 0 0 0 1 1 0 1 0 0 0 0 0 0 0 0 1 0 1 0 0 1 1 3 1 1 0 1 0 0 0 0 0 0 0 2 0 0 0 0 2 1 0 0 0 3 3 0 0 0 0 0 1 2 0 0 0 0 1 0 0 1 1 1 1 3 0 2 0 1 1 0 1 0 2 0 2 3 0 1 11 2 116 0 0 0
0 3 0 0 0 1 0 2 7 0 0 1 0 1 0 0 1 0 1 2 1 0 0 2 0 0 0 0 0 0 0 0 0 0 0 0 0 0 0 0 2 1 2 0 0 1 0 0 0 0 0 2 1 0 2 0 0 0 0 0 1 2 0 0 0 0 1 0 0 0 2 0 1 0 1 0 1 0 1 0 1 0 1 1 0 1 0 0 3 2 0 1 0 1 2 14 0 118 0 0 0
0 0 0 0 0 0 0 1 1 0 0 0 1 0 0 1 0 0 0 1 1 0 1 1 0 0 0 0 0 0 0 1 0 0 0 1 0 0 4 0 0 0 1 0 0 0 0 1 0 0 0 0 2 0 0 4 0 0 0 0 0 2 1 0 1 0 0 0 1 0 0 0 0 0 2 0 1 1 0 0 0 0 1 0 2 1 0 0 0 2 0 1 0 1 1 27 2 80 0 0 0
0 2 0 0 1 2 0 1 5 0 0 3 0 0 0 0 0 0 2 1 1 1 1 0 0 0 0 1 0 0 0 1 0 0 0 0 0 0 3 1 0 2 3 0 0 2 0 30 0 0 0 2 0 0 1 1 0 0 0 0 0 1 0 2 0 0 1 1 1 0 1 2 0 0 0 0 1 1 0 0 1 0 1 1 0 0 0 1 0 1 1 2 0 2 1 23 1 99 0 0 0
0 0 0 0 0 0 0 0 7 0 1 1 2 0 0 0 0 0 1 3 0 0 1 0 0 0 0 0 0 0 0 0 1 0 0 1 0 0 2 1 0 0 1 0 0 1 0 46 0 0 0 0 1 0 0 0 0 0 0 0 1 1 0 3 0 0 0 0 0 0 0 2 0 0 1 0 2 0 0 0 0 0 4 1 0 1 0 0 0 0 0 0 1 0 4 17 49 38 0 0 1
0 3 0 0 0 0 0 0 3 0 0 1 0 0 0 0 0 0 0 1 0 0 0 2 0 0 1 1 0 0 0 0 0 1 0 0 0 0 2 0 0 1 0 0 0 0 0 131 0 0 2 0 0 0 0 1 0 0 1 1 0 0 1 1 1 0 0 0 0 0 1 0 0 0 2 0 0 0 0 2 0 0 0 0 0 1 1 0 0 0 1 0 0 1 0 16 51 18 0 0 160
0 0 0 0 0 0 1 1 5 0 0 3 0 1 0 0 1 0 0 0 1 1 5 1 0 0 0 1 0 0 0 0 0 0 0 0 0 1 2 0 0 0 3 0 0 0 0 120 1 0 1 0 0 0 0 1 0 0 0 0 1 1 0 0 0 0 0 1 0 0 0 0 0 0 0 0 2 0 1 0 2 0 3 0 0 2 1 0 0 0 0 0 0 0 0 30 29 27 0 0 114
0 2 0 0 0 0 0 0 2 0 0 1 1 0 0 0 2 0 0 2 2 1 1 0 0 0 0 0 1 0 0 0 0 0 0 0 0 1 2 0 0 0 2 0 0 0 0 65 0 0 1 0 0 0 0 0 1 0 0 0 2 2 2 0 0 0 0 3 0 0 1 0 0 0 0 0 1 0 1 0 0 0 2 0 1 1 1 0 1 3 0 2 0 0 0 39 24 11 0 0 89
0 3 0 0 0 1 0 0 4 0 0 3 0 0 0 1 0 0 0 0 0 1 0 0 0 1 0 0 0 0 1 0 1 0 0 0 0 0 4 2 0 0 0 0 0 1 0 34 0 0 0 0 0 0 0 1 1 0 1 0 0 2 1 0 0 0 0 4 2 0 1 0 1 0 1 0 1 0 0 0 0 0 1 1 0 1 0 1 1 0 0 1 2 0 2 19 14 60 0 0 40
0 2 1 0 0 0 0 0 2 0 0 0 0 0 0 0 0 0 0 1 0 0 0 1 0 0 0 0 0 0 0 0 0 1 0 1 0 0 1 0 1 0 1 0 0 0 0 17 0 0 0 0 0 0 1 2 0 0 1 0 0 0 0 0 1 0 1 2 1 0 0 0 0 0 2 0 0 1 0 0 0 0 0 0 0 2 1 3 0 2 0 1 1 0 0 19 10 34 0 0 32
0 1 0 1 0 0 1 0 1 0 0 2 0 1 0 0 0 0 0 1 0 0 1 0 0 0 0 0 0 0 0 0 0 0 0 0 1 1 0 1 0 0 2 0 0 1 0 42 0 0 0 0 0 0 0 1 0 0 1 0 0 1 0 0 0 0 0 0 0 0 1 0 1 0 1 0 0 0 0 3 0 0 2 0 0 4 2 0 0 1 0 1 1 2 2 22 9 22 7 0 35
0 0 0 0 2 0 0 0 8 0 0 0 2 0 0 0 0 0 0 0 0 0 0 0 0 0 0 0 0 0 0 0 0 2 0 0 0 0 2 0 0 0 6 0 0 0 0 34 0 0 2 0 0 0 0 4 0 0 0 0 0 0 0 2 0 0 2 4 2 0 2 0 0 0 2 4 0 0 2 0 2 0 2 0 4 2 2 2 0 2 0 0 0 0 4 63 22 40 6 898 32
0 6 0 0 6 2 0 0 17 2 0 4 4 2 0 4 4 0 0 0 2 0 4 0 0 0 0 0 2 0 0 1 2 2 0 0 0 0 4 0 0 0 8 0 0 0 0 82 0 0 2 0 0 0 2 4 0 0 2 0 0 0 0 0 0 2 2 0 10 0 2 2 0 0 16 2 0 0 0 6 4 0 4 0 2 10 0 2 4 8 0 4 0 0 2 231 38 44 10 732 44
0 6 0 0 2 0 0 0 12 2 0 8 2 8 0 0 0 0 0 0 4 2 2 2 0 0 0 2 0 0 0 4 0 5 0 0 0 0 2 2 0 0 4 0 0 2 0 48 0 0 8 0 0 0 0 8 0 0 4 0 0 12 2 0 0 2 0 0 0 0 6 2 0 2 18 0 0 0 0 2 6 0 10 0 0 8 0 2 4 6 0 4 4 0 6 131 34 22 252 292 22
0 2 0 0 0 0 0 2 5 0 0 2 0 0 0 2 2 0 0 0 0 2 2 0 0 0 0 4 0 0 2 0 0 4 0 0 0 0 6 0 0 0 4 0 0 0 0 136 0 0 0 0 0 0 2 2 0 0 0 0 2 2 0 0 0 0 0 0 2 0 2 0 0 0 6 2 0 0 0 4 2 0 6 0 0 3 2 0 0 4 0 0 0 0 2 90 30 20 332 286 24
0 4 0 0 2 2 2 0 6 4 0 6 2 0 0 0 0 0 0 0 0 0 2 0 0 0 0 4 0 0 0 2 2 0 0 0 0 0 2 2 0 0 4 0 0 0 0 126 2 0 0 0 0 0 2 0 0 0 6 0 0 4 2 2 0 0 0 2 0 0 2 0 0 0 2 2 0 0 0 8 4 0 2 0 0 0 0 2 0 4 0 2 6 0 4 152 36 32 136 234 100
0 1 2 0 1 0 1 2 3 0 0 0 3 0 2 0 2 0 0 0 2 2 2 2 0 0 1 0 0 0 0 2 0 0 0 2 0 0 2 1 0 0 2 0 0 1 0 54 0 0 0 0 2 0 4 3 0 0 2 2 0 4 6 0 0 0 0 0 0 0 0 0 2 3 3 1 0 0 0 3 0 0 4 0 0 0 0 2 0 1 0 2 0 0 4 265 32 43 69 101 118
0 4 0 0 0 1 0 1 5 1 0 4 2 0 0 1 0 0 0 2 0 0 1 0 0 0 0 1 0 0 0 1 0 2 1 0 0 0 3 1 0 0 1 0 0 0 0 12 1 0 0 0 0 0 0 2 0 0 0 0 0 1 0 2 0 0 0 0 1 0 2 0 0 0 6 1 0 0 0 0 0 0 1 0 2 2 0 2 0 0 0 1 2 3 0 65 13 6 26 31 37
0 0 0 0 0 0 0 1 5 0 0 0 1 0 0 0 0 0 0 0 0 0 2 0 0 0 0 0 0 0 0 1 0 1 1 0 0 1 3 0 0 0 0 0 0 0 0 10 0 0 1 0 0 0 0 0 0 0 0 0 2 1 2 0 0 0 0 0 0 0 1 1 2 0 0 0 0 0 1 1 3 0 3 0 2 4 6 0 0 0 0 1 0 1 0 43 3 4 24 15 35
0 0 0 0 1 0 0 1 6 0 0 1 0 0 1 0 0 0 0 1 0 0 0 1 0 0 0 0 1 0 0 2 1 0 0 0 0 0 3 0 0 0 3 0 0 1 0 16 0 0 0 0 0 1 0 1 0 0 0 0 1 2 2 0 0 1 0 0 0 0 1 1 0 0 3 1 0 0 0 1 0 2 0 0 1 2 11 0 0 1 0 0 1 0 1 43 2 5 16 11 35
0 3 0 0 1 0 0 0 1 0 0 4 1 0 0 0 0 0 0 3 1 0 2 0 0 0 0 0 1 0 0 1 0 0 0 0 0 1 3 0 0 0 2 0 0 1 0 12 0 0 1 0 0 0 0 2 0 1 0 3 0 0 1 0 0 0 0 0 1 0 5 0 1 0 5 4 1 0 0 0 1 2 0 1 0 3 8 0 0 0 1 4 0 2 5 20 11 5 9 57 45
0 6 0 0 0 0 0 2 9 1 0 5 0 0 0 0 2 0 0 2 3 0 2 0 0 0 0 1 2 0 0 1 0 1 0 0 0 0 2 2 2 1 4 0 0 0 0 18 0 0 0 1 0 0 1 2 0 0 2 0 2 7 1 1 0 0 1 2 2 0 2 0 0 1 9 1 1 0 0 3 0 0 6 0 0 3 5 3 3 1 0 12 1 2 4 20 6 8 2 44 37
0 5 1 0 2 1 0 2 10 1 0 3 1 7 1 0 1 0 1 5 0 2 4 0 2 0 1 1 0 0 0 5 2 4 1 0 0 1 5 2 0 1 2 0 0 0 0 19 2 0 0 0 2 1 0 3 1 0 2 1 3 5 0 0 0 0 2 1 4 0 3 0 2 0 5 1 1 0 2 1 3 1 5 1 1 0 7 6 1 3 0 16 1 1 6 22 11 7 109 29 37
0 5 0 0 0 0 1 5 3 1 0 5 4 2 0 0 0 0 0 0 0 0 3 0 0 0 1 1 0 0 0 0 2 3 0 1 0 0 6 1 2 0 10 0 0 1 0 10 1 0 0 0 0 0 3 9 1 2 1 1 0 4 3 0 0 0 0 0 2 0 8 0 1 0 3 0 0 1 0 1 6 1 0 0 0 4 3 2 1 2 0 5 2 0 1 18 3 6 48 15 23
0 5 0 0 2 0 2 1 9 0 0 3 4 1 0 1 1 0 1 3 0 2 1 6 0 2 1 2 2 0 0 1 1 4 0 0 0 1 3 3 0 2 2 0 1 5 0 14 1 0 0 2 1 0 0 7 0 0 0 1 0 4 0 1 1 0 0 0 3 0 3 0 0 0 3 1 2 1 2 4 2 0 3 0 0 3 3 0 0 1 2 7 2 0 2 14 4 5 49 18 29
0 5 1 0 0 2 1 2 3 1 0 1 1 1 0 1 0 0 0 2 0 1 3 2 2 0 1 1 1 0 0 2 3 4 0 2 0 0 3 0 0 1 8 0 1 0 0 10 0 0 1 1 1 0 0 5 1 0 0 0 1 4 3 0 0 0 2 1 3 0 1 2 2 1 2 1 0 2 0 6 2 0 3 1 0 8 2 1 0 1 0 3 1 0 0 24 3 3 27 8 18
0 5 0 0 0 2 0 1 2 0 0 1 2 1 0 0 1 0 4 2 0 0 1 3 0 0 1 0 0 0 0 5 0 1 0 3 0 0 1 1 1 1 1 0 0 1 0 3 1 0 3 3 2 0 0 5 0 0 3 0 2 4 3 1 0 0 1 1 1 0 1 0 0 0 4 0 0 0 1 1 3 4 5 1 0 3 2 1 2 2 1 0 1 2 0 6 3 5 16 13 13
0 1 1 0 1 0 1 0 1 0 0 1 0 0 0 0 1 0 2 0 1 0 3 2 0 0 0 2 0 1 0 2 0 1 0 0 0 0 3 2 2 2 1 0 0 2 0 3 1 0 1 1 1 0 0 3 0 1 0 0 2 0 3 0 0 0 1 0 3 0 0 0 0 0 3 0 1 1 1 0 0 0 0 2 0 1 4 1 1 1 0 3 0 0 5 3 4 4 15 3 14
0 2 0 1 0 1 0 3 1 0 0 0 0 0 0 0 1 1 3 1 1 0 0 1 0 1 0 1 0 0 0 2 1 5 0 0 1 0 1 0 2 1 3 0 1 0 0 5 0 1 2 1 2 0 1 2 0 0 0 0 2 4 0 0 0 0 1 2 2 0 1 0 3 0 3 0 0 0 1 1 2 2 2 2 0 1 0 0 1 2 0 0 1 1 2 4 5 2 10 7 14
0 3 0 0 0 1 0 1 3 0 0 2 0 0 1 1 0 0 0 1 0 0 3 0 0 0 0 2 0 0 0 0 1 1 0 1 0 0 1 0 1 0 3 0 0 0 0 4 0 0 1 0 0 0 0 2 1 0 1 2 1 1 3 0 0 0 2 0 2 0 2 0 0 1 3 1 0 1 1 3 2 0 1 0 2 5 0 2 2 3 0 1 2 1 2 5 2 2 8 6 5
0 3 0 0 1 1 0 2 5 1 0 1 0 2 0 0 0 0 1 0 0 1 3 0 0 0 0 1 0 0 0 1 0 2 0 0 0 0 2 0 2 1 0 0 1 0 0 2 0 0 2 0 3 0 0 2 1 0 2 0 0 3 1 1 0 0 0 0 2 0 2 0 0 0 2 0 1 1 1 0 0 1 2 5 0 2 1 2 0 1 0 2 1 1 2 8 3 3 7 8 5
0 1 0 0 0 1 2 2 7 1 0 6 1 2 1 0 0 0 1 2 1 0 0 0 0 0 2 1 0 0 0 2 1 0 0 2 0 0 1 0 0 0 2 0 0 0 0 8 0 0 1 0 1 0 3 3 1 0 2 0 0 2 2 0 0 1 1 0 0 0 2 0 1 0 4 0 1 1 1 1 0 1 4 0 1 6 2 0 1 0 1 3 2 0 1 4 8 4 8 3 7
0 1 0 0 1 0 1 1 6 0 3 1 0 2 0 0 0 0 0 6 0 0 2 0 0 0 0 1 1 1 1 1 1 0 0 0 0 0 0 1 0 0 5 0 0 0 0 2 0 1 3 0 1 0 1 3 0 1 0 1 0 5 1 0 1 0 2 1 3 0 1 0 1 0 2 0 1 2 1 0 0 0 1 2 1 2 1 1 0 0 0 0 2 1 1 9 2 3 2 4 12
0 0 0 1 0 1 0 1 5 0 0 2 1 4 0 0 3 0 1 1 0 1 2 0 0 0 0 0 0 0 0 0 0 2 0 0 0 0 1 0 2 0 5 0 0 0 0 4 0 1 1 0 0 0 0 2 0 0 0 0 4 1 1 0 1 0 0 0 2 0 4 0 0 0 6 0 1 0 0 2 1 0 3 1 1 6 1 1 3 1 1 1 1 1 1 5 4 3 6 1 7
0 4 0 1 1 0 0 1 1 0 0 2 2 1 0 1 1 0 0 0 0 0 2 0 0 0 0 2 0 0 0 0 0 1 0 1 0 1 2 1 0 0 3 1 0 2 0 4 1 0 1 0 0 0 1 3 0 0 0 0 0 4 2 0 1 0 0 0 1 0 2 1 1 1 0 0 0 1 1 1 0 0 2 0 0 8 2 1 1 2 0 2 2 0 0 7 4 3 5 6 9
0 4 0 0 1 0 1 0 4 2 0 1 2 0 0 0 0 0 3 1 0 1 1 0 0 0 0 1 0 0 0 2 1 0 0 0 0 1 2 0 1 2 2 0 1 3 0 5 1 0 0 3 2 0 0 2 0 0 0 0 0 0 0 0 0 0 0 0 1 0 2 0 1 1 0 0 1 0 0 2 0 0 4 0 0 2 0 2 0 1 0 2 2 1 4 7 5 1 4 5 5
0 1 0 0 2 5 0 0 6 1 0 0 1 0 0 0 4 1 1 2 0 0 1 0 0 0 0 1 0 0 0 1 0 2 0 1 0 0 0 1 0 1 0 0 0 1 0 8 1 1 0 1 1 0 2 3 0 0 1 1 2 5 2 0 0 0 4 1 0 0 1 0 0 0 1 0 1 0 0 2 1 0 3 3 2 2 2 2 0 1 0 2 0 0 0 4 4 3 5 5 12
0 5 0 0 0 2 0 0 4 1 0 2 0 0 1 1 1 0 2 3 0 2 1 1 0 0 0 1 0 1 0 1 0 0 0 0 0 0 0 0 6 2 2 0 0 1 0 0 0 0 1 1 3 2 3 1 1 0 0 2 2 3 0 0 0 1 2 0 0 0 6 0 0 1 2 0 0 0 0 0 2 0 3 3 0 3 2 2 2 3 0 0 0 0 0 4 2 1 5 2 4
0 4 0 0 1 0 0 2 0 0 0 1 0 1 0 0 1 0 0 0 1 0 0 1 0 0 0 0 0 0 0 1 1 2 0 0 0 0 1 0 0 0 1 0 0 0 0 3 0 0 3 0 1 0 0 0 0 0 0 0 0 1 2 0 0 0 0 0 1 0 0 0 0 0 4 2 0 0 1 0 2 2 0 1 1 4 2 2 2 4 1 0 0 0 3 7 2 3 7 0 5
0 4 1 0 0 1 0 0 2 0 0 2 1 1 0 0 0 0 1 0 0 0 0 0 0 0 0 2 0 0 0 1 1 1 0 0 0 0 1 0 1 1 4 0 0 0 0 2 0 0 1 1 0 0 1 3 1 0 0 0 0 3 3 0 0 0 0 1 1 0 2 0 0 1 2 1 2 0 1 1 1 0 2 0 0 0 2 0 2 3 0 0 0 0 0 3 1 2 4 5 5
0 4 0 0 0 1 1 1 5 0 0 2 0 1 0 0 1 0 0 1 0 1 1 0 0 0 0 0 0 1 0 0 0 0 0 0 0 0 2 1 1 1 1 0 0 1 0 2 0 0 1 1 1 0 2 2 0 1 0 0 1 1 0 0 0 1 2 0 3 0 1 0 0 0 1 1 0 1 0 0 0 0 1 1 0 3 1 0 0 0 0 1 1 0 0 7 0 2 7 3 5
0 3 1 0 1 0 0 0 1 1 0 3 0 1 0 0 0 0 1 1 0 0 3 0 1 0 0 0 0 1 0 0 1 1 0 1 0 1 1 1 0 0 0 0 0 2 0 2 0 0 3 0 1 1 0 2 0 0 1 0 0 0 1 0 0 0 0 0 0 0 2 0 0 0 3 0 0 0 1 0 1 0 2 0 1 4 0 1 0 4 1 2 0 0 0 3 1 6 10 3 7
0 1 0 0 0 0 0 0 1 0 0 1 0 2 0 1 0 0 1 2 0 0 0 2 0 0 0 0 1 0 1 1 0 1 0 0 0 0 1 1 1 0 1 1 0 0 0 4 0 1 1 0 1 0 1 1 0 0 0 0 0 4 3 0 0 0 0 0 2 0 0 0 0 0 3 1 0 0 0 1 1 0 1 0 0 3 0 0 1 1 0 1 1 2 1 2 1 2 4 1 6
0 3 0 0 0 0 0 0 0 0 0 1 0 1 0 0 0 0 0 1 0 0 1 1 0 0 0 0 1 0 0 0 0 1 0 0 0 0 0 2 0 0 4 1 0 1 0 1 1 0 2 1 0 0 0 0 0 0 0 0 0 1 0 0 0 0 0 0 0 0 2 0 2 0 3 0 0 0 0 1 0 1 2 0 0 2 1 0 1 2 0 4 2 0 0 3 2 1 3 2 6
0 1 0 0 1 1 1 0 3 0 0 1 0 0 0 0 0 0 1 1 0 0 2 0 0 0 0 0 0 0 0 0 0 0 1 0 0 0 1 1 0 1 3 0 0 0 0 2 0 0 2 0 1 0 0 3 1 0 0 0 0 2 1 0 0 0 1 1 0 0 4 0 0 0 2 0 0 1 1 1 2 0 2 2 1 2 2 1 0 3 0 1 1 0 0 2 2 5 3 3 5
0 1 0 0 0 0 0 1 2 0 0 1 0 0 1 0 0 0 0 1 0 1 2 0 0 0 0 0 0 0 0 2 0 1 0 0 0 0 4 1 4 1 0 0 0 1 0 1 0 0 0 1 0 0 0 2 0 0 2 0 1 1 0 0 0 0 0 1 2 0 2 1 2 0 5 0 1 0 1 0 0 0 3 0 0 2 1 5 1 0 0 2 0 0 0 5 1 2 3 4 3
0 0 0 0 0 0 0 0 2 2 0 0 1 0 0 1 0 0 0 0 0 1 0 0 0 0 0 0 1 0 0 0 1 1 0 0 0 1 0 1 0 1 0 0 0 1 0 4 0 0 2 1 0 0 2 0 0 0 1 0 0 1 1 0 1 0 1 0 0 0 1 0 0 1 2 0 0 0 5 0 1 0 1 1 2 0 0 1 1 1 0 1 0 1 1 1 1 2 0 2 4
0 1 0 0 0 0 1 1 1 0 0 2 2 1 0 0 1 0 2 2 0 1 3 0 0 0 0 1 0 0 0 0 0 0 0 0 0 0 2 0 0 0 1 0 0 1 0 2 0 0 0 1 1 0 0 0 0 0 0 1 0 1 2 0 0 3 1 0 0 0 2 0 0 0 0 0 0 1 1 0 0 0 0 1 0 3 0 1 0 1 0 0 2 0 0 1 0 2 5 1 3
0 0 0 0 0 1 0 0 0 1 0 0 0 0 1 0 0 0 0 0 0 0 2 1 0 0 1 0 0 0 0 1 0 0 0 0 0 0 1 0 1 0 0 0 0 0 0 2 0 0 0 0 0 0 0 0 0 0 0 0 1 2 0 0 0 0 0 0 0 0 0 0 0 1 1 0 0 0 1 0 0 0 0 0 1 0 0 1 1 1 0 0 0 0 0 0 0 1 2 0 1
0 0 0 0 0 2 0 2 4 0 0 0 0 1 0 0 2 0 1 0 0 2 0 1 0 0 1 0 0 1 1 2 0 2 0 1 0 0 0 0 1 2 1 0 0 0 0 4 0 0 0 1 1 0 0 0 0 0 1 0 1 0 0 0 2 0 2 2 1 0 0 0 0 1 3 0 2 0 0 3 2 1 2 2 1 1 1 2 1 1 1 0 2 1 1 0 2 0 2 1 7
0 1 0 0 1 1 0 1 0 0 0 2 0 0 0 1 1 0 2 0 0 0 0 0 0 0 0 0 0 0 0 0 0 1 0 0 0 1 0 0 0 1 0 0 1 2 0 1 0 0 1 2 0 0 0 1 0 0 1 0 0 2 0 0 0 0 0 1 0 0 0 0 0 0 0 0 1 0 3 0 0 0 1 0 0 2 1 0 0 0 5 1 1 0 1 1 2 2 5 0 2
0 0 0 0 0 0 0 0 1 0 0 0 0 0 0 0 0 1 0 0 0 0 0 0 0 0 0 1 0 0 0 0 0 0 0 0 0 0 1 0 0 1 1 0 0 0 0 2 0 0 1 1 2 0 1 0 0 0 1 1 1 0 0 0 0 0 2 0 0 0 3 0 1 0 1 0 0 0 1 0 0 0 0 0 0 1 0 0 0 1 3 0 3 0 2 2 1 0 2 0 2
0 1 0 0 0 3 0 0 2 0 1 1 0 0 0 0 1 0 0 0 0 0 0 0 0 0 0 0 0 0 0 0 0 0 0 1 0 0 0 0 0 1 0 0 0 1 0 0 0 0 0 0 0 0 1 0 0 0 1 0 0 0 0 0 1 0 1 0 0 0 3 0 1 0 1 0 0 0 0 0 0 0 2 3 0 0 1 0 0 1 2 0 0 0 0 1 0 1 1 2 1
0 0 1 0 0 0 0 1 0 1 0 1 0 2 0 0 0 0 0 0 1 0 0 0 0 0 0 0 0 0 0 0 0 1 0 0 0 0 0 0 0 0 0 0 0 1 0 0 0 0 0 0 0 0 0 0 1 0 1 0 0 1 0 0 0 0 0 0 1 0 0 0 5 0 0 0 0 0 1 0 0 0 1 0 0 1 0 1 0 0 1 0 0 0 2 1 0 0 6 3 0
0 2 0 0 2 0 2 1 0 1 1 1 0 1 0 0 0 0 0 0 0 0 1 0 0 0 0 0 0 0 0 0 0 0 0 0 0 1 1 0 2 0 1 0 0 0 0 1 0 0 2 0 0 0 0 0 0 0 0 0 0 0 3 0 0 0 0 0 0 0 1 0 2 1 0 1 0 3 0 0 0 0 0 1 0 0 0 0 1 1 1 0 3 1 0 1 1 1 4 2 1
0 0 0 0 1 1 1 0 1 0 0 0 0 0 0 0 0 0 1 3 0 1 0 0 0 1 0 0 0 1 1 0 0 1 0 0 0 0 0 0 0 1 0 0 1 1 0 1 0 0 2 1 1 0 1 0 0 0 0 0 0 1 1 0 0 0 1 0 0 0 1 0 4 0 1 0 0 0 0 0 1 0 0 0 0 1 0 0 0 1 0 0 0 0 2 1 1 1 1 1 2
0 1 0 0 0 1 1 0 0 0 0 0 0 3 0 0 2 0 0 0 0 0 1 0 0 0 0 0 0 0 0 0 0 0 0 0 0 0 1 0 1 1 0 0 1 0 0 1 0 0 1 0 0 0 0 0 0 0 1 0 1 1 1 1 0 1 2 0 0 0 1 0 0 0 2 0 0 2 1 0 0 2 0 1 1 3 0 2 1 1 1 0 0 1 0 1 2 2 1 0 0
0 2 0 0 0 0 0 0 2 0 0 0 0 0 0 2 0 0 0 1 0 0 1 0 0 1 0 0 0 0 0 0 0 0 0 0 0 0 0 0 0 0 0 0 0 0 0 1 0 0 0 0 0 0 0 1 1 0 0 0 0 2 2 0 0 0 0 0 1 0 2 0 1 0 2 1 1 0 0 1 0 0 1 0 0 0 0 0 2 3 0 0 0 0 1 1 0 1 0 0 2
0 2 0 0 1 0 0 0 0 0 1 0 0 0 1 0 0 0 0 0 0 0 2 0 0 0 0 0 0 0 1 0 0 1 0 1 0 0 0 1 0 1 1 0 2 0 0 1 0 0 0 1 1 0 0 0 0 0 2 0 0 0 3 0 0 0 0 0 0 0 4 0 0 0 0 0 0 1 0 0 0 0 1 0 0 0 0 1 0 0 1 0 1 0 0 1 1 1 1 1 1
0 2 0 0 0 0 3 0 0 1 0 0 0 0 0 1 0 0 2 0 0 1 1 0 0 0 0 0 1 0 0 0 0 0 0 0 0 0 0 0 2 2 1 0 0 1 0 2 0 0 0 1 2 0 0 0 0 0 3 0 0 0 0 0 0 0 1 0 0 0 0 0 0 0 1 0 1 4 0 0 0 1 0 0 0 0 1 0 0 0 0 0 0 0 0 2 0 1 5 3 0
0 1 0 0 1 2 3 1 1 0 1 2 0 0 0 0 1 0 0 0 0 0 1 0 0 0 0 0 0 0 0 0 0 0 0 0 0 1 0 0 4 1 2 0 0 0 0 2 0 0 0 1 0 0 1 1 0 0 0 0 2 0 0 0 0 0 2 0 0 0 0 0 2 0 1 1 0 3 0 0 1 1 0 2 0 1 1 0 0 1 0 0 0 0 0 1 1 0 2 1 0
0 0 0 0 0 0 2 1 0 0 3 0 0 0 0 0 1 1 0 0 0 0 0 0 0 0 0 0 0 0 0 0 0 0 0 0 0 0 0 1 0 0 0 0 1 0 0 1 0 0 1 0 0 0 2 0 0 0 0 0 0 1 0 0 0 0 1 0 1 0 0 0 1 0 0 0 0 2 0 0 0 0 0 0 0 2 1 0 1 0 1 1 1 0 0 2 1 0 0 1 0
0 0 0 0 1 0 0 0 1 0 3 1 1 0 0 0 0 0 0 0 1 0 2 0 0 0 0 0 0 0 0 0 0 0 1 0 0 0 0 0 0 0 0 0 1 1 0 1 0 0 0 0 1 0 0 0 1 0 0 0 0 1 0 0 0 0 1 0 0 0 0 0 2 0 0 0 0 1 0 0 0 0 1 0 0 0 0 0 1 2 0 0 1 0 1 0 0 0 2 0 2
0 0 0 0 0 0 1 0 0 0 1 0 0 0 0 0 0 0 0 0 0 0 1 1 0 0 0 0 0 0 0 0 0 0 0 0 0 0 1 0 0 0 0 0 0 0 0 1 0 0 0 0 0 0 0 0 0 0 0 0 0 0 1 0 0 0 0 1 1 0 2 0 0 0 1 0 1 0 1 0 0 1 0 1 0 0 0 0 0 1 1 0 0 0 0 0 0 0 0 0 1
0 1 0 0 0 2 1 0 0 0 1 0 0 0 0 0 0 0 1 0 1 0 1 0 0 0 0 0 0 0 0 1 0 0 0 0 0 0 0 0 0 2 1 0 0 0 0 1 0 0 0 1 1 0 0 0 1 0 0 0 0 0 0 0 0 0 2 0 1 0 0 0 0 0 1 0 0 1 0 0 0 0 0 1 0 0 1 0 1 0 0 0 0 0 0 2 0 1 0 1 1
0 0 0 0 0 0 0 1 0 1 1 1 0 0 0 1 1 0 1 1 0 0 0 0 0 0 0 0 0 0 0 1 0 0 0 0 0 0 0 0 0 1 1 0 0 1 0 0 0 0 0 1 0 0 0 0 0 0 0 0 2 2 0 0 0 1 0 0 0 0 0 0 0 0 0 0 0 0 1 0 0 1 0 1 0 1 0 1 1 0 1 0 1 0 0 2 0 0 0 2 2
0 1 0 0 0 2 0 0 1 0 0 0 0 0 0 0 1 1 0 0 0 1 0 0 1 0 1 0 0 0 0 0 0 0 0 0 0 0 0 1 0 0 2 0 0 2 0 0 0 0 0 0 1 0 0 0 0 0 0 0 0 0 1 0 0 0 1 1 0 0 1 0 2 0 1 1 0 1 0 0 1 0 0 1 0 0 1 1 0 2 0 0 0 0 0 1 0 0 2 0 2
0 1 0 0 1 0 0 0 0 0 0 1 0 0 0 0 1 0 0 0 0 1 1 0 0 1 1 1 1 0 0 0 0 0 0 0 0 0 0 0 1 0 1 0 0 0 0 1 0 0 0 1 0 0 0 1 1 0 0 1 1 1 1 0 0 0 0 0 0 0 0 0 1 0 0 0 0 0 0 0 0 1 1 1 1 0 2 0 1 1 1 0 1 0 0 0 0 0 3 0 1
0 0 0 0 0 0 0 1 3 0 0 0 0 0 1 0 0 0 0 0 0 0 0 0 0 0 0 0 0 0 0 0 0 0 0 0 0 0 0 1 0 0 2 0 0 2 0 1 0 0 0 1 1 0 0 1 0 0 0 0 1 1 0 0 0 0 0 0 0 0 0 1 2 0 3 1 0 0 0 0 0 1 1 0 0 0 2 1 1 2 0 0 0 0 2 0 1 0 0 1 2
0 1 1 0 0 0 0 0 1 0 1 0 0 0 0 0 1 0 0 0 0 0 0 0 0 0 0 0 1 0 0 0 0 0 0 0 0 0 1 0 1 0 1 0 0 1 0 1 0 0 0 0 0 0 0 1 0 0 0 1 0 2 1 0 0 0 0 0 1 0 0 0 0 0 0 0 0 0 0 0 0 0 0 0 0 0 0 0 0 0 0 0 0 0 5 1 0 0 0 0 1
0 7 0 0 0 0 0 0 0 0 0 0 0 0 0 0 1 0 1 1 0 0 0 0 0 0 0 0 6 0 0 1 0 0 0 0 0 0 0 0 0 0 0 0 0 0 0 0 0 0 1 0 0 0 0 0 0 0 0 0 0 0 0 0 0 0 0 0 0 0 0 1 0 0 1 0 0 0 1 0 0 0 0 0 1 0 0 0 0 2 0 1 0 0 8 0 0 0 1 2 3
0 6 0 0 1 0 0 0 3 0 1 0 0 1 1 0 0 0 0 0 0 0 2 0 0 0 0 0 3 0 0 0 0 0 0 0 0 0 0 0 0 0 2 0 0 1 0 0 0 0 0 0 0 0 0 0 0 0 0 0 0 0 0 0 0 0 0 0 0 0 0 0 1 0 1 0 1 0 0 0 0 0 1 1 1 3 0 0 1 0 0 1 0 0 11 0 0 0 0 1 0
0 2 0 0 0 0 1 0 2 0 0 2 0 0 0 0 1 0 1 0 1 0 1 0 0 0 0 0 0 0 0 1 0 0 2 0 1 0 0 0 0 0 0 0 0 0 0 0 0 0 0 0 1 0 0 0 0 0 0 0 0 1 2 0 0 0 1 0 0 0 0 0 0 0 1 1 1 0 0 0 1 0 1 0 0 0 0 0 0 0 0 0 0 0 11 1 0 0 1 0 1
0 3 1 0 0 1 0 1 1 0 0 1 0 0 1 0 2 2 1 0 0 0 2 0 0 1 0 0 1 0 0 1 0 0 0 0 0 1 0 0 0 3 0 0 0 0 0 0 0 0 0 1 0 0 1 0 1 0 0 1 1 4 0 0 0 1 2 0 0 0 1 1 0 0 1 0 0 0 0 0 0 1 1 2 0 1 0 0 0 0 0 0 0 0 4 1 1 0 0 0 0
0 4 0 0 0 1 0 0 2 0 0 0 0 0 0 0 1 1 1 0 0 0 2 0 0 1 1 0 0 0 0 1 1 0 0 0 0 0 1 0 1 2 1 0 1 0 0 0 0 0 0 1 1 0 0 1 0 0 0 0 0 0 1 0 0 1 1 1 0 0 2 0 0 0 2 0 0 0 0 0 0 0 1 0 0 1 1 0 0 1 0 0 0 0 3 3 0 1 0 1 0
0 3 0 0 1 0 0 1 0 0 0 1 0 1 0 0 2 0 2 0 0 1 2 0 0 0 0 0 1 0 0 0 0 0 1 0 1 1 0 0 1 1 0 0 0 0 0 1 0 1 2 0 0 0 0 1 0 0 3 0 1 0 1 0 0 0 0 0 0 0 0 0 1 0 1 0 1 0 0 0 0 1 0 2 1 0 0 1 1 1 1 0 0 0 1 2 2 0 1 1 1
0 3 0 0 0 2 0 0 3 1 0 0 0 0 0 2 1 0 1 0 0 0 0 0 0 0 0 0 0 0 0 0 0 0 0 0 0 1 0 1 1 5 0 0 0 0 0 0 0 0 0 1 2 0 0 2 0 0 0 0 1 1 2 0 0 0 2 1 0 0 1 0 2 0 1 0 0 0 0 0 1 1 0 1 0 0 0 0 1 5 0 0 0 0 0 3 3 0 2 2 1
0 5 0 0 0 0 0 1 0 0 0 0 0 0 2 0 1 0 0 0 0 0 1 0 0 0 1 0 0 0 0 1 1 0 0 0 0 0 0 0 0 0 1 0 0 0 0 1 0 0 0 0 0 0 0 0 0 0 0 0 0 1 3 0 2 0 0 0 1 0 1 0 1 0 0 0 0 0 0 0 0 0 1 1 0 0 1 1 3 1 0 1 0 0 2 0 1 0 0 0 1
0 1 0 0 0 0 0 0 0 0 0 0 0 0 0 0 0 2 1 0 0 0 1 0 0 0 0 0 0 0 0 0 0 0 0 0 0 0 0 0 0 1 2 1 0 0 0 0 0 0 0 2 0 0 0 1 0 0 0 0 1 3 0 0 0 0 0 0 0 0 1 0 1 0 0 0 0 0 0 0 0 0 0 0 1 0 1 1 0 1 1 0 0 0 0 0 1 1 0 4 1
0 4 0 0 0 0 0 0 0 1 0 0 0 0 0 0 1 0 0 0 1 0 2 0 0 0 0 0 0 1 0 0 0 0 0 0 0 0 0 0 0 0 0 0 0 0 0 0 0 0 0 0 1 0 0 0 0 0 0 0 0 1 1 0 0 0 1 0 0 0 0 0 2 0 0 0 1 0 1 1 0 0 0 1 0 0 0 1 0 0 0 0 2 0 2 1 1 0 1 0 2
0 1 0 0 1 1 1 0 1 0 0 0 0 1 0 1 3 0 0 0 3 0 0 0 0 1 0 0 0 1 0 0 0 0 0 0 0 0 0 1 0 0 3 0 0 0 0 1 0 0 1 0 0 0 0 0 1 0 0 0 1 0 1 0 0 0 0 0 0 0 1 0 0 1 1 1 0 0 0 0 0 0 0 2 0 0 0 0 2 1 0 0 1 0 0 0 0 0 1 1 0
0 0 0 0 0 0 0 0 0 0 0 0 0 1 0 0 1 0 0 0 0 0 1 0 0 0 0 0 0 0 0 0 0 0 0 0 0 0 0 0 0 0 0 0 0 0 0 0 0 0 0 0 0 0 0 0 0 0 0 0 1 0 0 0 0 0 0 0 0 0 0 0 1 0 0 0 0 0 1 0 0 0 0 0 0 0 0 0 0 0 0 0 0 0 0 1 0 0 0 0 0
0 0 0 0 0 0 0 0 0 0 0 0 0 0 0 0 0 0 0 0 0 0 0 0 0 0 0 0 0 0 0 0 0 0 0 0 0 0 0 0 0 0 0 0 0 0 0 0 0 0 0 0 0 0 0 0 0 0 0 0 0 0 0 0 0 0 0 0 0 0 1 0 0 0 1 0 0 0 0 0 0 0 0 0 0 0 0 0 1 0 0 0 0 0 0 0 0 0 0 0 1
0 0 0 0 0 0 0 0 0 0 0 0 0 0 0 0 0 0 0 0 0 0 0 0 0 0 1 0 0 0 0 0 0 0 0 0 0 0 0 0 0 0 0 0 0 0 0 1 0 0 0 0 0 0 0 0 0 0 0 0 0 1 0 0 0 4 0 0 0 0 0 0 0 1 0 0 0 0 1 0 0 0 1 0 0 0 0 0 1 0 0 0 0 0 0 0 0 0 0 0 1
0 1 0 1 0 0 0 0 0 0 0 0 0 0 0 0 0 1 0 0 0 0 1 0 0 0 0 0 0 0 0 0 0 1 0 0 0 0 1 1 0 1 0 0 0 0 0 0 0 0 0 0 0 0 1 0 0 0 0 0 0 2 0 0 0 2 0 0 1 0 0 0 1 0 1 0 0 0 0 0 0 0 1 0 1 0 0 0 0 0 1 0 2 0 0 1 0 0 0 1 2
0 0 0 0 1 0 0 0 1 0 0 1 0 0 0 0 0 0 0 1 0 0 1 0 0 0 0 0 0 0 0 0 0 1 0 0 0 0 0 0 0 0 0 0 0 0 0 2 0 0 0 0 0 0 0 0 0 1 1 0 0 3 0 0 0 1 0 0 0 0 0 0 0 0 3 1 0 1 0 1 1 0 0 0 0 0 0 0 0 0 0 0 0 0 0 2 0 0 1 0 2
0 0 0 0 0 0 1 0 0 0 0 0 2 0 0 0 0 0 0 0 0 0 0 2 0 0 0 0 1 0 0 0 0 0 0 0 0 0 0 0 0 0 0 0 0 0 0 0 0 0 0 0 0 0 0 0 0 1 0 0 0 0 1 0 0 0 0 0 0 0 0 0 0 0 0 0 0 0 0 0 0 0 0 0 0 0 0 0 0 0 0 1 0 0 0 0 1 0 2 1 1
0 0 0 0 0 0 1 1 0 0 0 0 1 0 0 0 0 0 0 0 0 0 2 0 0 0 1 0 0 0 0 0 0 0 0 0 0 0 0 0 0 0 0 0 0 0 0 0 0 0 1 0 0 0 0 0 0 0 0 0 0 1 3 0 0 0 0 0 0 0 0 0 0 0 0 0 0 0 0 0 0 0 2 0 0 0 1 0 0 0 0 0 0 0 0 1 0 0 0 0 0
0 3 0 0 0 0 1 0 0 0 0 0 1 0 0 0 0 0 0 0 0 0 1 0 0 0 0 0 0 0 0 0 0 0 0 0 0 0 1 0 0 1 0 0 0 0 0 0 0 1 0 0 0 0 1 0 1 0 1 0 0 1 0 0 0 1 0 0 0 0 0 0 1 0 0 0 0 0 0 0 0 0 0 0 0 0 0 0 1 2 0 0 0 0 0 1 1 1 0 1 0
0 1 0 0 1 0 0 0 1 0 0 0 1 0 0 1 0 0 0 0 0 0 1 0 0 0 0 0 0 1 0 0 0 0 0 0 0 0 1 0 0 0 2 0 0 0 0 1 0 0 0 0 1 0 0 0 0 0 0 0 1 0 0 0 0 1 0 0 0 0 0 0 1 0 0 0 0 0 0 0 0 0 0 0 0 0 0 0 2 0 0 0 0 0 0 2 1 1 0 1 1
0 3 0 1 1 0 0 0 1 0 0 1 1 0 0 0 0 0 1 1 0 0 0 1 0 0 0 0 0 0 0 0 0 1 0 0 0 0 0 0 1 0 0 0 0 1 0 0 0 0 1 0 1 0 0 0 0 0 0 0 0 1 0 0 0 0 0 0 0 0 0 0 0 0 0 0 0 1 0 0 0 0 0 0 0 0 0 0 0 2 0 1 0 0 0 0 0 0 0 0 1
0 0 0 0 0 0 0 0 1 0 0 0 0 0 0 0 0 0 0 0 0 0 1 0 0 0 0 0 0 0 0 0 0 0 0 1 0 0 0 0 0 1 1 0 0 0 0 1 0 0 0 1 0 0 0 0 0 0 0 0 0 0 0 0 0 0 0 0 0 0 0 0 1 0 0 0 0 0 0 0 0 0 0 0 0 0 0 0 0 0 0 0 0 0 0 0 0 0 0 0 1
